# BD+28 4211
# Oke, 1990, AJ, 99, 1621.
# More information: http//catserver.ing.iac.es/landscape/tn065-100/workflux.php
#
  3200        9.494 1
  3201        9.498 1
  3202        9.503 1
  3203        9.501 1
  3204        9.500 1
  3205        9.494 1
  3206        9.486 1
  3207        9.475 1
  3208        9.463 1
  3209        9.449 1
  3210        9.435 1
  3211        9.423 1
  3212        9.416 1
  3213        9.411 1
  3214        9.411 1
  3215        9.411 1
  3216        9.409 1
  3217        9.406 1
  3218        9.402 1
  3219        9.397 1
  3220        9.392 1
  3221        9.388 1
  3222        9.385 1
  3223        9.383 1
  3224        9.380 1
  3225        9.378 1
  3226        9.380 1
  3227        9.385 1
  3228        9.392 1
  3229        9.397 1
  3230        9.402 1
  3231        9.406 1
  3232        9.409 1
  3233        9.413 1
  3234        9.416 1
  3235        9.418 1
  3236        9.423 1
  3237        9.425 1
  3238        9.427 1
  3239        9.430 1
  3240        9.435 1
  3241        9.437 1
  3242        9.439 1
  3243        9.439 1
  3244        9.437 1
  3245        9.437 1
  3246        9.437 1
  3247        9.435 1
  3248        9.435 1
  3249        9.435 1
  3250        9.441 1
  3251        9.447 1
  3252        9.456 1
  3253        9.465 1
  3254        9.474 1
  3255        9.479 1
  3256        9.484 1
  3257        9.487 1
  3258        9.493 1
  3259        9.496 1
  3260        9.501 1
  3261        9.505 1
  3262        9.510 1
  3263        9.515 1
  3264        9.519 1
  3265        9.522 1
  3266        9.524 1
  3267        9.524 1
  3268        9.522 1
  3269        9.520 1
  3270        9.519 1
  3271        9.515 1
  3272        9.510 1
  3273        9.505 1
  3274        9.501 1
  3275        9.498 1
  3276        9.503 1
  3277        9.507 1
  3278        9.510 1
  3279        9.513 1
  3280        9.513 1
  3281        9.512 1
  3282        9.508 1
  3283        9.505 1
  3284        9.501 1
  3285        9.500 1
  3286        9.500 1
  3287        9.503 1
  3288        9.505 1
  3289        9.508 1
  3290        9.512 1
  3291        9.515 1
  3292        9.517 1
  3293        9.517 1
  3294        9.517 1
  3295        9.515 1
  3296        9.515 1
  3297        9.513 1
  3298        9.512 1
  3299        9.510 1
  3300        9.507 1
  3301        9.503 1
  3302        9.500 1
  3303        9.496 1
  3304        9.498 1
  3305        9.498 1
  3306        9.501 1
  3307        9.503 1
  3308        9.507 1
  3309        9.510 1
  3310        9.515 1
  3311        9.519 1
  3312        9.522 1
  3313        9.524 1
  3314        9.526 1
  3315        9.527 1
  3316        9.531 1
  3317        9.531 1
  3318        9.531 1
  3319        9.536 1
  3320        9.538 1
  3321        9.538 1
  3322        9.536 1
  3323        9.536 1
  3324        9.536 1
  3325        9.538 1
  3326        9.543 1
  3327        9.545 1
  3328        9.548 1
  3329        9.550 1
  3330        9.548 1
  3331        9.546 1
  3332        9.541 1
  3333        9.538 1
  3334        9.536 1
  3335        9.536 1
  3336        9.541 1
  3337        9.548 1
  3338        9.553 1
  3339        9.560 1
  3340        9.562 1
  3341        9.564 1
  3342        9.567 1
  3343        9.569 1
  3344        9.571 1
  3345        9.576 1
  3346        9.581 1
  3347        9.588 1
  3348        9.593 1
  3349        9.595 1
  3350        9.597 1
  3351        9.595 1
  3352        9.590 1
  3353        9.585 1
  3354        9.581 1
  3355        9.576 1
  3356        9.571 1
  3357        9.567 1
  3358        9.567 1
  3359        9.564 1
  3360        9.564 1
  3361        9.562 1
  3362        9.555 1
  3363        9.550 1
  3364        9.545 1
  3365        9.541 1
  3366        9.540 1
  3367        9.538 1
  3368        9.538 1
  3369        9.538 1
  3370        9.541 1
  3371        9.545 1
  3372        9.550 1
  3373        9.552 1
  3374        9.555 1
  3375        9.557 1
  3376        9.559 1
  3377        9.557 1
  3378        9.555 1
  3379        9.557 1
  3380        9.560 1
  3381        9.564 1
  3382        9.567 1
  3383        9.569 1
  3384        9.571 1
  3385        9.572 1
  3386        9.572 1
  3387        9.571 1
  3388        9.569 1
  3389        9.564 1
  3390        9.564 1
  3391        9.564 1
  3392        9.564 1
  3393        9.564 1
  3394        9.562 1
  3395        9.560 1
  3396        9.560 1
  3397        9.560 1
  3398        9.559 1
  3399        9.557 1
  3400        9.553 1
  3401        9.550 1
  3402        9.546 1
  3403        9.546 1
  3404        9.548 1
  3405        9.546 1
  3406        9.546 1
  3407        9.546 1
  3408        9.546 1
  3409        9.552 1
  3410        9.557 1
  3411        9.564 1
  3412        9.571 1
  3413        9.578 1
  3414        9.583 1
  3415        9.586 1
  3416        9.588 1
  3417        9.588 1
  3418        9.588 1
  3419        9.586 1
  3420        9.588 1
  3421        9.590 1
  3422        9.592 1
  3423        9.593 1
  3424        9.597 1
  3425        9.600 1
  3426        9.604 1
  3427        9.607 1
  3428        9.609 1
  3429        9.611 1
  3430        9.611 1
  3431        9.611 1
  3432        9.609 1
  3433        9.604 1
  3434        9.600 1
  3435        9.599 1
  3436        9.597 1
  3437        9.597 1
  3438        9.600 1
  3439        9.602 1
  3440        9.604 1
  3441        9.607 1
  3442        9.609 1
  3443        9.612 1
  3444        9.616 1
  3445        9.619 1
  3446        9.621 1
  3447        9.621 1
  3448        9.618 1
  3449        9.614 1
  3450        9.611 1
  3451        9.611 1
  3452        9.611 1
  3453        9.614 1
  3454        9.616 1
  3455        9.619 1
  3456        9.621 1
  3457        9.623 1
  3458        9.626 1
  3459        9.630 1
  3460        9.633 1
  3461        9.635 1
  3462        9.637 1
  3463        9.638 1
  3464        9.640 1
  3465        9.640 1
  3466        9.642 1
  3467        9.640 1
  3468        9.638 1
  3469        9.635 1
  3470        9.632 1
  3471        9.628 1
  3472        9.628 1
  3473        9.630 1
  3474        9.628 1
  3475        9.628 1
  3476        9.630 1
  3477        9.630 1
  3478        9.633 1
  3479        9.635 1
  3480        9.635 1
  3481        9.633 1
  3482        9.632 1
  3483        9.630 1
  3484        9.630 1
  3485        9.630 1
  3486        9.628 1
  3487        9.628 1
  3488        9.628 1
  3489        9.630 1
  3490        9.632 1
  3491        9.633 1
  3492        9.637 1
  3493        9.642 1
  3494        9.647 1
  3495        9.651 1
  3496        9.654 1
  3497        9.658 1
  3498        9.659 1
  3499        9.661 1
  3500        9.663 1
  3501        9.663 1
  3502        9.663 1
  3503        9.665 1
  3504        9.663 1
  3505        9.661 1
  3506        9.658 1
  3507        9.656 1
  3508        9.654 1
  3509        9.652 1
  3510        9.651 1
  3511        9.652 1
  3512        9.652 1
  3513        9.652 1
  3514        9.652 1
  3515        9.649 1
  3516        9.649 1
  3517        9.647 1
  3518        9.644 1
  3519        9.642 1
  3520        9.640 1
  3521        9.642 1
  3522        9.644 1
  3523        9.649 1
  3524        9.654 1
  3525        9.661 1
  3526        9.665 1
  3527        9.668 1
  3528        9.673 1
  3529        9.675 1
  3530        9.677 1
  3531        9.678 1
  3532        9.678 1
  3533        9.680 1
  3534        9.680 1
  3535        9.682 1
  3536        9.685 1
  3537        9.687 1
  3538        9.691 1
  3539        9.694 1
  3540        9.696 1
  3541        9.697 1
  3542        9.697 1
  3543        9.696 1
  3544        9.694 1
  3545        9.694 1
  3546        9.692 1
  3547        9.692 1
  3548        9.692 1
  3549        9.689 1
  3550        9.684 1
  3551        9.680 1
  3552        9.677 1
  3553        9.675 1
  3554        9.673 1
  3555        9.673 1
  3556        9.671 1
  3557        9.670 1
  3558        9.671 1
  3559        9.673 1
  3560        9.675 1
  3561        9.677 1
  3562        9.677 1
  3563        9.677 1
  3564        9.675 1
  3565        9.675 1
  3566        9.673 1
  3567        9.675 1
  3568        9.675 1
  3569        9.675 1
  3570        9.677 1
  3571        9.677 1
  3572        9.677 1
  3573        9.675 1
  3574        9.673 1
  3575        9.671 1
  3576        9.670 1
  3577        9.670 1
  3578        9.670 1
  3579        9.671 1
  3580        9.673 1
  3581        9.673 1
  3582        9.675 1
  3583        9.675 1
  3584        9.677 1
  3585        9.680 1
  3586        9.680 1
  3587        9.680 1
  3588        9.680 1
  3589        9.682 1
  3590        9.685 1
  3591        9.687 1
  3592        9.692 1
  3593        9.694 1
  3594        9.696 1
  3595        9.697 1
  3596        9.697 1
  3597        9.699 1
  3598        9.699 1
  3599        9.696 1
  3600        9.692 1
  3601        9.692 1
  3602        9.691 1
  3603        9.692 1
  3604        9.692 1
  3605        9.696 1
  3606        9.699 1
  3607        9.703 1
  3608        9.708 1
  3609        9.711 1
  3610        9.715 1
  3611        9.718 1
  3612        9.718 1
  3613        9.720 1
  3614        9.722 1
  3615        9.725 1
  3616        9.729 1
  3617        9.732 1
  3618        9.734 1
  3619        9.736 1
  3620        9.737 1
  3621        9.737 1
  3622        9.736 1
  3623        9.736 1
  3624        9.734 1
  3625        9.730 1
  3626        9.729 1
  3627        9.727 1
  3628        9.725 1
  3629        9.725 1
  3630        9.725 1
  3631        9.727 1
  3632        9.730 1
  3633        9.732 1
  3634        9.734 1
  3635        9.734 1
  3636        9.736 1
  3637        9.736 1
  3638        9.737 1
  3639        9.739 1
  3640        9.737 1
  3641        9.736 1
  3642        9.736 1
  3643        9.736 1
  3644        9.739 1
  3645        9.743 1
  3646        9.746 1
  3647        9.751 1
  3648        9.755 1
  3649        9.760 1
  3650        9.763 1
  3651        9.765 1
  3652        9.769 1
  3653        9.772 1
  3654        9.774 1
  3655        9.777 1
  3656        9.779 1
  3657        9.779 1
  3658        9.781 1
  3659        9.781 1
  3660        9.779 1
  3661        9.777 1
  3662        9.777 1
  3663        9.777 1
  3664        9.776 1
  3665        9.776 1
  3666        9.774 1
  3667        9.772 1
  3668        9.770 1
  3669        9.769 1
  3670        9.765 1
  3671        9.762 1
  3672        9.758 1
  3673        9.753 1
  3674        9.750 1
  3675        9.748 1
  3676        9.746 1
  3677        9.748 1
  3678        9.748 1
  3679        9.751 1
  3680        9.751 1
  3681        9.755 1
  3682        9.758 1
  3683        9.763 1
  3684        9.770 1
  3685        9.776 1
  3686        9.779 1
  3687        9.781 1
  3688        9.781 1
  3689        9.781 1
  3690        9.783 1
  3691        9.783 1
  3692        9.786 1
  3693        9.788 1
  3694        9.788 1
  3695        9.786 1
  3696        9.781 1
  3697        9.777 1
  3698        9.772 1
  3699        9.769 1
  3700        9.769 1
  3701        9.767 1
  3702        9.767 1
  3703        9.770 1
  3704        9.774 1
  3705        9.777 1
  3706        9.781 1
  3707        9.784 1
  3708        9.786 1
  3709        9.790 1
  3710        9.793 1
  3711        9.795 1
  3712        9.798 1
  3713        9.800 1
  3714        9.798 1
  3715        9.796 1
  3716        9.796 1
  3717        9.796 1
  3718        9.795 1
  3719        9.795 1
  3720        9.795 1
  3721        9.795 1
  3722        9.795 1
  3723        9.798 1
  3724        9.796 1
  3725        9.795 1
  3726        9.795 1
  3727        9.795 1
  3728        9.795 1
  3729        9.798 1
  3730        9.800 1
  3731        9.802 1
  3732        9.802 1
  3733        9.803 1
  3734        9.805 1
  3735        9.807 1
  3736        9.810 1
  3737        9.812 1
  3738        9.816 1
  3739        9.817 1
  3740        9.819 1
  3741        9.821 1
  3742        9.821 1
  3743        9.822 1
  3744        9.824 1
  3745        9.826 1
  3746        9.828 1
  3747        9.831 1
  3748        9.831 1
  3749        9.831 1
  3750        9.831 1
  3751        9.828 1
  3752        9.828 1
  3753        9.826 1
  3754        9.824 1
  3755        9.817 1
  3756        9.812 1
  3757        9.810 1
  3758        9.810 1
  3759        9.816 1
  3760        9.822 1
  3761        9.824 1
  3762        9.828 1
  3763        9.826 1
  3764        9.826 1
  3765        9.826 1
  3766        9.826 1
  3767        9.828 1
  3768        9.829 1
  3769        9.829 1
  3770        9.829 1
  3771        9.831 1
  3772        9.833 1
  3773        9.838 1
  3774        9.842 1
  3775        9.845 1
  3776        9.849 1
  3777        9.852 1
  3778        9.854 1
  3779        9.854 1
  3780        9.854 1
  3781        9.852 1
  3782        9.850 1
  3783        9.852 1
  3784        9.852 1
  3785        9.854 1
  3786        9.854 1
  3787        9.854 1
  3788        9.854 1
  3789        9.854 1
  3790        9.854 1
  3791        9.854 1
  3792        9.854 1
  3793        9.854 1
  3794        9.852 1
  3795        9.852 1
  3796        9.854 1
  3797        9.854 1
  3798        9.850 1
  3799        9.845 1
  3800        9.840 1
  3801        9.835 1
  3802        9.831 1
  3803        9.828 1
  3804        9.826 1
  3805        9.824 1
  3806        9.821 1
  3807        9.819 1
  3808        9.817 1
  3809        9.817 1
  3810        9.814 1
  3811        9.809 1
  3812        9.802 1
  3813        9.805 1
  3814        9.807 1
  3815        9.810 1
  3816        9.814 1
  3817        9.816 1
  3818        9.816 1
  3819        9.816 1
  3820        9.814 1
  3821        9.812 1
  3822        9.814 1
  3823        9.817 1
  3824        9.822 1
  3825        9.828 1
  3826        9.833 1
  3827        9.838 1
  3828        9.840 1
  3829        9.845 1
  3830        9.845 1
  3831        9.847 1
  3832        9.845 1
  3833        9.843 1
  3834        9.840 1
  3835        9.838 1
  3836        9.835 1
  3837        9.833 1
  3838        9.829 1
  3839        9.828 1
  3840        9.824 1
  3841        9.824 1
  3842        9.822 1
  3843        9.821 1
  3844        9.819 1
  3845        9.817 1
  3846        9.816 1
  3847        9.814 1
  3848        9.812 1
  3849        9.812 1
  3850        9.807 1
  3851        9.776 1
  3852        9.777 1
  3853        9.777 1
  3854        9.779 1
  3855        9.781 1
  3856        9.784 1
  3857        9.790 1
  3858        9.795 1
  3859        9.800 1
  3860        9.805 1
  3861        9.810 1
  3862        9.817 1
  3863        9.821 1
  3864        9.824 1
  3865        9.826 1
  3866        9.828 1
  3867        9.828 1
  3868        9.829 1
  3869        9.831 1
  3870        9.831 1
  3871        9.833 1
  3872        9.836 1
  3873        9.840 1
  3874        9.843 1
  3875        9.845 1
  3876        9.849 1
  3877        9.850 1
  3878        9.854 1
  3879        9.857 1
  3880        9.861 1
  3881        9.864 1
  3882        9.866 1
  3883        9.866 1
  3884        9.866 1
  3885        9.866 1
  3886        9.864 1
  3887        9.864 1
  3888        9.862 1
  3889        9.861 1
  3890        9.857 1
  3891        9.857 1
  3892        9.854 1
  3893        9.854 1
  3894        9.854 1
  3895        9.854 1
  3896        9.854 1
  3897        9.855 1
  3898        9.857 1
  3899        9.857 1
  3900        9.857 1
  3901        9.857 1
  3902        9.854 1
  3903        9.854 1
  3904        9.854 1
  3905        9.854 1
  3906        9.854 1
  3907        9.854 1
  3908        9.852 1
  3909        9.850 1
  3910        9.849 1
  3911        9.847 1
  3912        9.847 1
  3913        9.847 1
  3914        9.849 1
  3915        9.850 1
  3916        9.850 1
  3917        9.850 1
  3918        9.850 1
  3919        9.852 1
  3920        9.854 1
  3921        9.857 1
  3922        9.859 1
  3923        9.861 1
  3924        9.861 1
  3925        9.861 1
  3926        9.861 1
  3927        9.861 1
  3928        9.861 1
  3929        9.861 1
  3930        9.862 1
  3931        9.864 1
  3932        9.866 1
  3933        9.868 1
  3934        9.868 1
  3935        9.869 1
  3936        9.869 1
  3937        9.871 1
  3938        9.873 1
  3939        9.875 1
  3940        9.878 1
  3941        9.878 1
  3942        9.878 1
  3943        9.880 1
  3944        9.882 1
  3945        9.883 1
  3946        9.883 1
  3947        9.883 1
  3948        9.883 1
  3949        9.885 1
  3950        9.887 1
  3951        9.890 1
  3952        9.894 1
  3953        9.899 1
  3954        9.904 1
  3955        9.909 1
  3956        9.915 1
  3957        9.920 1
  3958        9.925 1
  3959        9.930 1
  3960        9.935 1
  3961        9.939 1
  3962        9.942 1
  3963        9.944 1
  3964        9.946 1
  3965        9.947 1
  3966        9.949 1
  3967        9.949 1
  3968        9.949 1
  3969        9.947 1
  3970        9.946 1
  3971        9.944 1
  3972        9.942 1
  3973        9.939 1
  3974        9.935 1
  3975        9.932 1
  3976        9.930 1
  3977        9.927 1
  3978        9.925 1
  3979        9.921 1
  3980        9.920 1
  3981        9.918 1
  3982        9.916 1
  3983        9.913 1
  3984        9.909 1
  3985        9.906 1
  3986        9.902 1
  3987        9.899 1
  3988        9.894 1
  3989        9.892 1
  3990        9.890 1
  3991        9.888 1
  3992        9.887 1
  3993        9.887 1
  3994        9.885 1
  3995        9.885 1
  3996        9.883 1
  3997        9.883 1
  3998        9.883 1
  3999        9.883 1
  4000        9.885 1
  4001        9.887 1
  4002        9.887 1
  4003        9.887 1
  4004        9.887 1
  4005        9.885 1
  4006        9.885 1
  4007        9.885 1
  4008        9.885 1
  4009        9.883 1
  4010        9.883 1
  4011        9.883 1
  4012        9.883 1
  4013        9.882 1
  4014        9.880 1
  4015        9.878 1
  4016        9.876 1
  4017        9.876 1
  4018        9.875 1
  4019        9.875 1
  4020        9.875 1
  4021        9.875 1
  4022        9.875 1
  4023        9.873 1
  4024        9.873 1
  4025        9.873 1
  4026        9.873 1
  4027        9.873 1
  4028        9.873 1
  4029        9.875 1
  4030        9.876 1
  4031        9.878 1
  4032        9.880 1
  4033        9.880 1
  4034        9.880 1
  4035        9.882 1
  4036        9.883 1
  4037        9.883 1
  4038        9.883 1
  4039        9.885 1
  4040        9.885 1
  4041        9.885 1
  4042        9.885 1
  4043        9.887 1
  4044        9.887 1
  4045        9.888 1
  4046        9.890 1
  4047        9.892 1
  4048        9.892 1
  4049        9.892 1
  4050        9.890 1
  4051        9.888 1
  4052        9.888 1
  4053        9.887 1
  4054        9.887 1
  4055        9.887 1
  4056        9.887 1
  4057        9.885 1
  4058        9.885 1
  4059        9.885 1
  4060        9.885 1
  4061        9.887 1
  4062        9.887 1
  4063        9.887 1
  4064        9.888 1
  4065        9.890 1
  4066        9.892 1
  4067        9.894 1
  4068        9.895 1
  4069        9.897 1
  4070        9.899 1
  4071        9.902 1
  4072        9.902 1
  4073        9.906 1
  4074        9.909 1
  4075        9.911 1
  4076        9.915 1
  4077        9.918 1
  4078        9.921 1
  4079        9.925 1
  4080        9.928 1
  4081        9.934 1
  4082        9.937 1
  4083        9.941 1
  4084        9.946 1
  4085        9.951 1
  4086        9.956 1
  4087        9.963 1
  4088        9.970 1
  4089        9.975 1
  4090        9.982 1
  4091        9.987 1
  4092        9.994 1
  4093       10.000 1
  4094       10.005 1
  4095       10.008 1
  4096       10.010 1
  4097       10.010 1
  4098       10.010 1
  4099       10.008 1
  4100       10.005 1
  4101       10.001 1
  4102        9.996 1
  4103        9.993 1
  4104        9.986 1
  4105        9.982 1
  4106        9.975 1
  4107        9.968 1
  4108        9.963 1
  4109        9.958 1
  4110        9.954 1
  4111        9.951 1
  4112        9.949 1
  4113        9.946 1
  4114        9.944 1
  4115        9.942 1
  4116        9.942 1
  4117        9.939 1
  4118        9.939 1
  4119        9.937 1
  4120        9.935 1
  4121        9.935 1
  4122        9.935 1
  4123        9.935 1
  4124        9.935 1
  4125        9.935 1
  4126        9.937 1
  4127        9.937 1
  4128        9.937 1
  4129        9.937 1
  4130        9.937 1
  4131        9.937 1
  4132        9.937 1
  4133        9.939 1
  4134        9.939 1
  4135        9.941 1
  4136        9.941 1
  4137        9.941 1
  4138        9.942 1
  4139        9.942 1
  4140        9.944 1
  4141        9.944 1
  4142        9.944 1
  4143        9.946 1
  4144        9.946 1
  4145        9.946 1
  4146        9.947 1
  4147        9.947 1
  4148        9.947 1
  4149        9.949 1
  4150        9.949 1
  4151        9.951 1
  4152        9.951 1
  4153        9.953 1
  4154        9.953 1
  4155        9.954 1
  4156        9.956 1
  4157        9.956 1
  4158        9.956 1
  4159        9.956 1
  4160        9.954 1
  4161        9.953 1
  4162        9.953 1
  4163        9.953 1
  4164        9.953 1
  4165        9.953 1
  4166        9.953 1
  4167        9.953 1
  4168        9.953 1
  4169        9.953 1
  4170        9.953 1
  4171        9.954 1
  4172        9.954 1
  4173        9.954 1
  4174        9.954 1
  4175        9.956 1
  4176        9.956 1
  4177        9.956 1
  4178        9.958 1
  4179        9.958 1
  4180        9.958 1
  4181        9.958 1
  4182        9.960 1
  4183        9.960 1
  4184        9.963 1
  4185        9.965 1
  4186        9.965 1
  4187        9.967 1
  4188        9.967 1
  4189        9.967 1
  4190        9.967 1
  4191        9.967 1
  4192        9.967 1
  4193        9.968 1
  4194        9.968 1
  4195        9.970 1
  4196        9.970 1
  4197        9.972 1
  4198        9.974 1
  4199        9.974 1
  4200        9.974 1
  4201        9.977 1
  4202        9.979 1
  4203        9.979 1
  4204        9.980 1
  4205        9.980 1
  4206        9.979 1
  4207        9.977 1
  4208        9.975 1
  4209        9.974 1
  4210        9.972 1
  4211        9.970 1
  4212        9.970 1
  4213        9.968 1
  4214        9.970 1
  4215        9.970 1
  4216        9.972 1
  4217        9.972 1
  4218        9.972 1
  4219        9.970 1
  4220        9.968 1
  4221        9.965 1
  4222        9.963 1
  4223        9.963 1
  4224        9.963 1
  4225        9.965 1
  4226        9.968 1
  4227        9.970 1
  4228        9.974 1
  4229        9.975 1
  4230        9.975 1
  4231        9.977 1
  4232        9.979 1
  4233        9.980 1
  4234        9.984 1
  4235        9.986 1
  4236        9.987 1
  4237        9.989 1
  4238        9.987 1
  4239        9.987 1
  4240        9.984 1
  4241        9.982 1
  4242        9.979 1
  4243        9.977 1
  4244        9.977 1
  4245        9.975 1
  4246        9.977 1
  4247        9.979 1
  4248        9.982 1
  4249        9.986 1
  4250        9.989 1
  4251        9.991 1
  4252        9.994 1
  4253        9.994 1
  4254        9.994 1
  4255        9.996 1
  4256        9.996 1
  4257        9.998 1
  4258       10.000 1
  4259       10.001 1
  4260       10.003 1
  4261       10.005 1
  4262       10.003 1
  4263       10.001 1
  4264        9.996 1
  4265        9.991 1
  4266        9.991 1
  4267        9.991 1
  4268        9.994 1
  4269        9.996 1
  4270       10.000 1
  4271       10.001 1
  4272       10.003 1
  4273       10.005 1
  4274       10.005 1
  4275       10.008 1
  4276       10.010 1
  4277       10.012 1
  4278       10.015 1
  4279       10.015 1
  4280       10.017 1
  4281       10.015 1
  4282       10.015 1
  4283       10.015 1
  4284       10.017 1
  4285       10.017 1
  4286       10.019 1
  4287       10.022 1
  4288       10.026 1
  4289       10.029 1
  4290       10.029 1
  4291       10.031 1
  4292       10.033 1
  4293       10.034 1
  4294       10.034 1
  4295       10.036 1
  4296       10.036 1
  4297       10.036 1
  4298       10.038 1
  4299       10.040 1
  4300       10.041 1
  4301       10.043 1
  4302       10.043 1
  4303       10.045 1
  4304       10.048 1
  4305       10.050 1
  4306       10.052 1
  4307       10.052 1
  4308       10.052 1
  4309       10.052 1
  4310       10.052 1
  4311       10.052 1
  4312       10.052 1
  4313       10.053 1
  4314       10.055 1
  4315       10.057 1
  4316       10.060 1
  4317       10.062 1
  4318       10.064 1
  4319       10.066 1
  4320       10.069 1
  4321       10.071 1
  4322       10.076 1
  4323       10.081 1
  4324       10.086 1
  4325       10.093 1
  4326       10.099 1
  4327       10.105 1
  4328       10.114 1
  4329       10.123 1
  4330       10.133 1
  4331       10.142 1
  4332       10.152 1
  4333       10.163 1
  4334       10.173 1
  4335       10.185 1
  4336       10.197 1
  4337       10.208 1
  4338       10.215 1
  4339       10.220 1
  4340       10.218 1
  4341       10.218 1
  4342       10.210 1
  4343       10.201 1
  4344       10.189 1
  4345       10.177 1
  4346       10.165 1
  4347       10.152 1
  4348       10.138 1
  4349       10.128 1
  4350       10.116 1
  4351       10.109 1
  4352       10.102 1
  4353       10.097 1
  4354       10.093 1
  4355       10.090 1
  4356       10.086 1
  4357       10.083 1
  4358       10.078 1
  4359       10.076 1
  4360       10.074 1
  4361       10.074 1
  4362       10.072 1
  4363       10.071 1
  4364       10.071 1
  4365       10.071 1
  4366       10.069 1
  4367       10.069 1
  4368       10.067 1
  4369       10.067 1
  4370       10.066 1
  4371       10.064 1
  4372       10.062 1
  4373       10.062 1
  4374       10.060 1
  4375       10.060 1
  4376       10.062 1
  4377       10.062 1
  4378       10.062 1
  4379       10.062 1
  4380       10.062 1
  4381       10.062 1
  4382       10.062 1
  4383       10.064 1
  4384       10.067 1
  4385       10.067 1
  4386       10.069 1
  4387       10.069 1
  4388       10.067 1
  4389       10.067 1
  4390       10.069 1
  4391       10.069 1
  4392       10.069 1
  4393       10.067 1
  4394       10.067 1
  4395       10.067 1
  4396       10.067 1
  4397       10.069 1
  4398       10.069 1
  4399       10.069 1
  4400       10.069 1
  4401       10.069 1
  4402       10.071 1
  4403       10.072 1
  4404       10.076 1
  4405       10.076 1
  4406       10.078 1
  4407       10.076 1
  4408       10.076 1
  4409       10.074 1
  4410       10.072 1
  4411       10.072 1
  4412       10.074 1
  4413       10.076 1
  4414       10.078 1
  4415       10.081 1
  4416       10.081 1
  4417       10.083 1
  4418       10.083 1
  4419       10.083 1
  4420       10.083 1
  4421       10.083 1
  4422       10.083 1
  4423       10.083 1
  4424       10.083 1
  4425       10.085 1
  4426       10.085 1
  4427       10.086 1
  4428       10.086 1
  4429       10.086 1
  4430       10.086 1
  4431       10.088 1
  4432       10.088 1
  4433       10.090 1
  4434       10.090 1
  4435       10.090 1
  4436       10.088 1
  4437       10.086 1
  4438       10.085 1
  4439       10.085 1
  4440       10.085 1
  4441       10.085 1
  4442       10.086 1
  4443       10.086 1
  4444       10.088 1
  4445       10.088 1
  4446       10.088 1
  4447       10.088 1
  4448       10.088 1
  4449       10.088 1
  4450       10.088 1
  4451       10.086 1
  4452       10.086 1
  4453       10.085 1
  4454       10.086 1
  4455       10.088 1
  4456       10.090 1
  4457       10.090 1
  4458       10.093 1
  4459       10.093 1
  4460       10.095 1
  4461       10.095 1
  4462       10.095 1
  4463       10.097 1
  4464       10.099 1
  4465       10.100 1
  4466       10.104 1
  4467       10.107 1
  4468       10.109 1
  4469       10.112 1
  4470       10.114 1
  4471       10.116 1
  4472       10.116 1
  4473       10.116 1
  4474       10.116 1
  4475       10.116 1
  4476       10.116 1
  4477       10.116 1
  4478       10.116 1
  4479       10.116 1
  4480       10.116 1
  4481       10.119 1
  4482       10.119 1
  4483       10.121 1
  4484       10.121 1
  4485       10.121 1
  4486       10.121 1
  4487       10.123 1
  4488       10.123 1
  4489       10.123 1
  4490       10.125 1
  4491       10.126 1
  4492       10.128 1
  4493       10.128 1
  4494       10.128 1
  4495       10.130 1
  4496       10.132 1
  4497       10.133 1
  4498       10.135 1
  4499       10.137 1
  4500       10.140 1
  4501       10.140 1
  4502       10.142 1
  4503       10.144 1
  4504       10.145 1
  4505       10.147 1
  4506       10.147 1
  4507       10.147 1
  4508       10.145 1
  4509       10.145 1
  4510       10.144 1
  4511       10.144 1
  4512       10.144 1
  4513       10.142 1
  4514       10.142 1
  4515       10.140 1
  4516       10.140 1
  4517       10.140 1
  4518       10.142 1
  4519       10.142 1
  4520       10.142 1
  4521       10.142 1
  4522       10.142 1
  4523       10.142 1
  4524       10.140 1
  4525       10.140 1
  4526       10.140 1
  4527       10.140 1
  4528       10.142 1
  4529       10.145 1
  4530       10.149 1
  4531       10.154 1
  4532       10.161 1
  4533       10.166 1
  4534       10.173 1
  4535       10.175 1
  4536       10.177 1
  4537       10.180 1
  4538       10.182 1
  4539       10.182 1
  4540       10.182 1
  4541       10.180 1
  4542       10.177 1
  4543       10.175 1
  4544       10.171 1
  4545       10.168 1
  4546       10.168 1
  4547       10.166 1
  4548       10.166 1
  4549       10.166 1
  4550       10.166 1
  4551       10.165 1
  4552       10.165 1
  4553       10.166 1
  4554       10.166 1
  4555       10.166 1
  4556       10.166 1
  4557       10.166 1
  4558       10.168 1
  4559       10.170 1
  4560       10.173 1
  4561       10.173 1
  4562       10.173 1
  4563       10.173 1
  4564       10.171 1
  4565       10.170 1
  4566       10.170 1
  4567       10.170 1
  4568       10.170 1
  4569       10.168 1
  4570       10.168 1
  4571       10.168 1
  4572       10.168 1
  4573       10.168 1
  4574       10.168 1
  4575       10.170 1
  4576       10.170 1
  4577       10.170 1
  4578       10.170 1
  4579       10.170 1
  4580       10.168 1
  4581       10.170 1
  4582       10.170 1
  4583       10.173 1
  4584       10.173 1
  4585       10.175 1
  4586       10.175 1
  4587       10.177 1
  4588       10.178 1
  4589       10.180 1
  4590       10.182 1
  4591       10.185 1
  4592       10.185 1
  4593       10.185 1
  4594       10.187 1
  4595       10.187 1
  4596       10.187 1
  4597       10.187 1
  4598       10.187 1
  4599       10.187 1
  4600       10.189 1
  4601       10.173 1
  4602       10.175 1
  4603       10.182 1
  4604       10.189 1
  4605       10.189 1
  4606       10.189 1
  4607       10.187 1
  4608       10.185 1
  4609       10.184 1
  4610       10.180 1
  4611       10.178 1
  4612       10.178 1
  4613       10.178 1
  4614       10.177 1
  4615       10.175 1
  4616       10.177 1
  4617       10.180 1
  4618       10.182 1
  4619       10.187 1
  4620       10.187 1
  4621       10.187 1
  4622       10.185 1
  4623       10.182 1
  4624       10.182 1
  4625       10.185 1
  4626       10.187 1
  4627       10.187 1
  4628       10.187 1
  4629       10.185 1
  4630       10.185 1
  4631       10.184 1
  4632       10.182 1
  4633       10.182 1
  4634       10.185 1
  4635       10.185 1
  4636       10.185 1
  4637       10.185 1
  4638       10.185 1
  4639       10.185 1
  4640       10.187 1
  4641       10.187 1
  4642       10.189 1
  4643       10.191 1
  4644       10.189 1
  4645       10.187 1
  4646       10.187 1
  4647       10.187 1
  4648       10.185 1
  4649       10.184 1
  4650       10.182 1
  4651       10.187 1
  4652       10.192 1
  4653       10.194 1
  4654       10.196 1
  4655       10.199 1
  4656       10.203 1
  4657       10.203 1
  4658       10.201 1
  4659       10.201 1
  4660       10.203 1
  4661       10.206 1
  4662       10.208 1
  4663       10.210 1
  4664       10.206 1
  4665       10.201 1
  4666       10.204 1
  4667       10.208 1
  4668       10.208 1
  4669       10.208 1
  4670       10.210 1
  4671       10.211 1
  4672       10.213 1
  4673       10.215 1
  4674       10.218 1
  4675       10.224 1
  4676       10.229 1
  4677       10.232 1
  4678       10.236 1
  4679       10.244 1
  4680       10.253 1
  4681       10.269 1
  4682       10.288 1
  4683       10.310 1
  4684       10.333 1
  4685       10.350 1
  4686       10.361 1
  4687       10.366 1
  4688       10.364 1
  4689       10.359 1
  4690       10.347 1
  4691       10.333 1
  4692       10.307 1
  4693       10.279 1
  4694       10.265 1
  4695       10.255 1
  4696       10.246 1
  4697       10.237 1
  4698       10.232 1
  4699       10.229 1
  4700       10.227 1
  4702       10.203 1
  4704       10.203 1
  4706       10.201 1
  4708       10.199 1
  4710       10.197 1
  4712       10.196 1
  4714       10.196 1
  4716       10.194 1
  4718       10.196 1
  4720       10.196 1
  4722       10.196 1
  4724       10.196 1
  4726       10.196 1
  4728       10.197 1
  4730       10.199 1
  4732       10.199 1
  4734       10.199 1
  4736       10.201 1
  4738       10.201 1
  4740       10.203 1
  4742       10.206 1
  4744       10.208 1
  4746       10.208 1
  4748       10.210 1
  4750       10.211 1
  4752       10.213 1
  4754       10.213 1
  4756       10.215 1
  4758       10.215 1
  4760       10.215 1
  4762       10.217 1
  4764       10.218 1
  4766       10.218 1
  4768       10.220 1
  4770       10.220 1
  4772       10.222 1
  4774       10.222 1
  4776       10.224 1
  4778       10.225 1
  4780       10.225 1
  4782       10.225 1
  4784       10.227 1
  4786       10.227 1
  4788       10.227 1
  4790       10.229 1
  4792       10.229 1
  4794       10.229 1
  4796       10.232 1
  4798       10.232 1
  4800       10.234 1
  4802       10.236 1
  4804       10.237 1
  4806       10.239 1
  4808       10.241 1
  4810       10.243 1
  4812       10.244 1
  4814       10.246 1
  4816       10.248 1
  4818       10.251 1
  4820       10.255 1
  4822       10.258 1
  4824       10.260 1
  4826       10.262 1
  4828       10.265 1
  4830       10.269 1
  4832       10.270 1
  4834       10.274 1
  4836       10.277 1
  4838       10.281 1
  4840       10.284 1
  4842       10.290 1
  4844       10.296 1
  4846       10.302 1
  4848       10.310 1
  4850       10.317 1
  4852       10.326 1
  4854       10.331 1
  4856       10.336 1
  4858       10.342 1
  4860       10.343 1
  4862       10.345 1
  4864       10.345 1
  4866       10.343 1
  4868       10.338 1
  4870       10.335 1
  4872       10.328 1
  4874       10.321 1
  4876       10.314 1
  4878       10.305 1
  4880       10.295 1
  4882       10.284 1
  4884       10.281 1
  4886       10.276 1
  4888       10.272 1
  4890       10.270 1
  4892       10.270 1
  4894       10.269 1
  4896       10.272 1
  4898       10.272 1
  4900       10.274 1
  4902       10.277 1
  4904       10.279 1
  4906       10.281 1
  4908       10.281 1
  4910       10.283 1
  4912       10.284 1
  4914       10.284 1
  4916       10.284 1
  4918       10.284 1
  4920       10.286 1
  4922       10.288 1
  4924       10.288 1
  4926       10.290 1
  4928       10.291 1
  4930       10.293 1
  4932       10.293 1
  4934       10.295 1
  4936       10.295 1
  4938       10.296 1
  4940       10.298 1
  4942       10.300 1
  4944       10.302 1
  4946       10.305 1
  4948       10.307 1
  4950       10.307 1
  4952       10.310 1
  4954       10.310 1
  4956       10.312 1
  4958       10.314 1
  4960       10.316 1
  4962       10.317 1
  4964       10.317 1
  4966       10.319 1
  4968       10.321 1
  4970       10.321 1
  4972       10.322 1
  4974       10.322 1
  4976       10.324 1
  4978       10.324 1
  4980       10.324 1
  4982       10.324 1
  4984       10.326 1
  4986       10.324 1
  4988       10.324 1
  4990       10.324 1
  4992       10.324 1
  4994       10.324 1
  4996       10.324 1
  4998       10.326 1
  5000       10.326 1
  5002       10.326 1
  5004       10.328 1
  5006       10.328 1
  5008       10.328 1
  5010       10.328 1
  5012       10.329 1
  5014       10.331 1
  5016       10.333 1
  5018       10.333 1
  5020       10.335 1
  5022       10.336 1
  5024       10.338 1
  5026       10.338 1
  5028       10.340 1
  5030       10.340 1
  5032       10.342 1
  5034       10.343 1
  5036       10.345 1
  5038       10.345 1
  5040       10.347 1
  5042       10.347 1
  5044       10.349 1
  5046       10.350 1
  5048       10.350 1
  5050       10.350 1
  5052       10.352 1
  5054       10.352 1
  5056       10.354 1
  5058       10.354 1
  5060       10.355 1
  5062       10.357 1
  5064       10.357 1
  5066       10.359 1
  5068       10.359 1
  5070       10.359 1
  5072       10.359 1
  5074       10.361 1
  5076       10.361 1
  5078       10.361 1
  5080       10.361 1
  5082       10.362 1
  5084       10.364 1
  5086       10.364 1
  5088       10.366 1
  5090       10.368 1
  5092       10.369 1
  5094       10.369 1
  5096       10.371 1
  5098       10.371 1
  5100       10.371 1
  5102       10.373 1
  5104       10.373 1
  5106       10.373 1
  5108       10.375 1
  5110       10.375 1
  5112       10.376 1
  5114       10.376 1
  5116       10.378 1
  5118       10.378 1
  5120       10.378 1
  5122       10.378 1
  5124       10.380 1
  5126       10.380 1
  5128       10.380 1
  5130       10.380 1
  5132       10.380 1
  5134       10.380 1
  5136       10.380 1
  5138       10.382 1
  5140       10.382 1
  5142       10.383 1
  5144       10.383 1
  5146       10.383 1
  5148       10.383 1
  5150       10.383 1
  5152       10.383 1
  5154       10.384 1
  5156       10.384 1
  5158       10.385 1
  5160       10.385 1
  5162       10.386 1
  5164       10.386 1
  5166       10.387 1
  5168       10.387 1
  5170       10.388 1
  5172       10.388 1
  5174       10.389 1
  5176       10.390 1
  5178       10.391 1
  5180       10.391 1
  5182       10.392 1
  5184       10.393 1
  5186       10.394 1
  5188       10.395 1
  5190       10.396 1
  5192       10.396 1
  5194       10.397 1
  5196       10.398 1
  5198       10.399 1
  5200       10.400 1
  5202       10.401 1
  5204       10.403 1
  5206       10.404 1
  5208       10.405 1
  5210       10.406 1
  5212       10.406 1
  5214       10.408 1
  5216       10.409 1
  5218       10.411 1
  5220       10.411 1
  5222       10.413 1
  5224       10.415 1
  5226       10.416 1
  5228       10.418 1
  5230       10.420 1
  5232       10.420 1
  5234       10.423 1
  5236       10.425 1
  5238       10.425 1
  5240       10.427 1
  5242       10.428 1
  5244       10.430 1
  5246       10.430 1
  5248       10.432 1
  5250       10.432 1
  5252       10.432 1
  5254       10.432 1
  5256       10.432 1
  5258       10.432 1
  5260       10.430 1
  5262       10.430 1
  5264       10.430 1
  5266       10.432 1
  5268       10.432 1
  5270       10.432 1
  5272       10.432 1
  5274       10.434 1
  5276       10.435 1
  5278       10.437 1
  5280       10.439 1
  5282       10.441 1
  5284       10.442 1
  5286       10.444 1
  5288       10.446 1
  5290       10.447 1
  5292       10.449 1
  5294       10.451 1
  5296       10.453 1
  5298       10.454 1
  5300       10.456 1
  5302       10.456 1
  5304       10.456 1
  5306       10.458 1
  5308       10.458 1
  5310       10.458 1
  5312       10.460 1
  5314       10.460 1
  5316       10.460 1
  5318       10.460 1
  5320       10.460 1
  5322       10.460 1
  5324       10.460 1
  5326       10.460 1
  5328       10.460 1
  5330       10.460 1
  5332       10.461 1
  5334       10.463 1
  5336       10.463 1
  5338       10.465 1
  5340       10.467 1
  5342       10.468 1
  5344       10.470 1
  5346       10.470 1
  5348       10.472 1
  5350       10.474 1
  5352       10.474 1
  5354       10.475 1
  5356       10.475 1
  5358       10.475 1
  5360       10.475 1
  5362       10.475 1
  5364       10.477 1
  5366       10.477 1
  5368       10.477 1
  5370       10.479 1
  5372       10.480 1
  5374       10.482 1
  5376       10.482 1
  5378       10.484 1
  5380       10.486 1
  5382       10.489 1
  5384       10.491 1
  5386       10.494 1
  5388       10.496 1
  5390       10.500 1
  5392       10.503 1
  5394       10.507 1
  5396       10.510 1
  5398       10.515 1
  5400       10.519 1
  5402       10.524 1
  5404       10.529 1
  5406       10.531 1
  5408       10.534 1
  5410       10.538 1
  5412       10.538 1
  5414       10.538 1
  5416       10.538 1
  5418       10.536 1
  5420       10.534 1
  5422       10.531 1
  5424       10.529 1
  5426       10.526 1
  5428       10.522 1
  5430       10.520 1
  5432       10.519 1
  5434       10.517 1
  5436       10.515 1
  5438       10.515 1
  5440       10.513 1
  5442       10.512 1
  5444       10.512 1
  5446       10.512 1
  5448       10.512 1
  5450       10.512 1
  5452       10.512 1
  5454       10.512 1
  5456       10.513 1
  5458       10.513 1
  5460       10.515 1
  5462       10.517 1
  5464       10.517 1
  5466       10.519 1
  5468       10.519 1
  5470       10.520 1
  5472       10.522 1
  5474       10.522 1
  5476       10.522 1
  5478       10.524 1
  5480       10.524 1
  5482       10.524 1
  5484       10.526 1
  5486       10.527 1
  5488       10.527 1
  5490       10.527 1
  5492       10.527 1
  5494       10.529 1
  5496       10.529 1
  5498       10.529 1
  5500       10.531 1
  5502       10.531 1
  5504       10.531 1
  5506       10.531 1
  5508       10.533 1
  5510       10.534 1
  5512       10.534 1
  5514       10.534 1
  5516       10.536 1
  5518       10.536 1
  5520       10.536 1
  5522       10.536 1
  5524       10.538 1
  5526       10.538 1
  5528       10.538 1
  5530       10.540 1
  5532       10.541 1
  5534       10.543 1
  5536       10.543 1
  5538       10.545 1
  5540       10.545 1
  5542       10.546 1
  5544       10.548 1
  5546       10.548 1
  5548       10.550 1
  5550       10.550 1
  5552       10.550 1
  5554       10.550 1
  5556       10.550 1
  5558       10.552 1
  5560       10.552 1
  5562       10.552 1
  5564       10.552 1
  5566       10.552 1
  5568       10.552 1
  5570       10.553 1
  5572       10.553 1
  5574       10.555 1
  5576       10.555 1
  5578       10.555 1
  5580       10.555 1
  5582       10.557 1
  5584       10.557 1
  5586       10.557 1
  5588       10.557 1
  5590       10.557 1
  5592       10.557 1
  5594       10.559 1
  5596       10.560 1
  5598       10.560 1
  5600       10.560 1
  5602       10.562 1
  5604       10.564 1
  5606       10.564 1
  5608       10.566 1
  5610       10.567 1
  5612       10.569 1
  5614       10.569 1
  5616       10.571 1
  5618       10.572 1
  5620       10.574 1
  5622       10.576 1
  5624       10.576 1
  5626       10.578 1
  5628       10.578 1
  5630       10.578 1
  5632       10.579 1
  5634       10.581 1
  5636       10.581 1
  5638       10.583 1
  5640       10.583 1
  5642       10.585 1
  5644       10.585 1
  5646       10.585 1
  5648       10.586 1
  5650       10.588 1
  5652       10.588 1
  5654       10.588 1
  5656       10.590 1
  5658       10.590 1
  5660       10.592 1
  5662       10.593 1
  5664       10.593 1
  5666       10.595 1
  5668       10.595 1
  5670       10.595 1
  5672       10.597 1
  5674       10.597 1
  5676       10.599 1
  5678       10.600 1
  5680       10.600 1
  5682       10.602 1
  5684       10.602 1
  5686       10.602 1
  5688       10.604 1
  5690       10.604 1
  5692       10.604 1
  5694       10.604 1
  5696       10.604 1
  5698       10.605 1
  5700       10.605 1
  5702       10.607 1
  5704       10.607 1
  5706       10.607 1
  5708       10.607 1
  5710       10.609 1
  5712       10.609 1
  5714       10.611 1
  5716       10.611 1
  5718       10.611 1
  5720       10.612 1
  5722       10.614 1
  5724       10.614 1
  5726       10.616 1
  5728       10.616 1
  5730       10.616 1
  5732       10.618 1
  5734       10.618 1
  5736       10.619 1
  5738       10.619 1
  5740       10.619 1
  5742       10.619 1
  5744       10.619 1
  5746       10.619 1
  5748       10.621 1
  5750       10.621 1
  5752       10.621 1
  5754       10.621 1
  5756       10.623 1
  5758       10.623 1
  5760       10.625 1
  5762       10.625 1
  5764       10.626 1
  5766       10.626 1
  5768       10.628 1
  5770       10.628 1
  5772       10.628 1
  5774       10.628 1
  5776       10.628 1
  5778       10.628 1
  5780       10.630 1
  5782       10.630 1
  5784       10.630 1
  5786       10.630 1
  5788       10.632 1
  5790       10.633 1
  5792       10.633 1
  5794       10.633 1
  5796       10.633 1
  5798       10.635 1
  5800       10.635 1
  5802       10.637 1
  5804       10.637 1
  5806       10.638 1
  5808       10.640 1
  5810       10.640 1
  5812       10.640 1
  5814       10.642 1
  5816       10.642 1
  5818       10.644 1
  5820       10.644 1
  5822       10.644 1
  5824       10.645 1
  5826       10.647 1
  5828       10.647 1
  5830       10.647 1
  5832       10.649 1
  5834       10.649 1
  5836       10.649 1
  5838       10.651 1
  5840       10.651 1
  5842       10.652 1
  5844       10.652 1
  5846       10.652 1
  5848       10.652 1
  5850       10.654 1
  5852       10.654 1
  5854       10.654 1
  5856       10.656 1
  5858       10.656 1
  5860       10.658 1
  5862       10.659 1
  5864       10.659 1
  5866       10.661 1
  5868       10.661 1
  5870       10.663 1
  5872       10.663 1
  5874       10.663 1
  5876       10.663 1
  5878       10.663 1
  5880       10.663 1
  5882       10.663 1
  5884       10.663 1
  5886       10.663 1
  5888       10.661 1
  5890       10.661 1
  5892       10.661 1
  5894       10.661 1
  5896       10.661 1
  5898       10.661 1
  5900       10.661 1
  5902       10.661 1
  5904       10.663 1
  5906       10.665 1
  5908       10.666 1
  5910       10.668 1
  5912       10.670 1
  5914       10.670 1
  5916       10.673 1
  5918       10.673 1
  5920       10.675 1
  5922       10.675 1
  5924       10.675 1
  5926       10.677 1
  5928       10.677 1
  5930       10.678 1
  5932       10.680 1
  5934       10.680 1
  5936       10.682 1
  5938       10.682 1
  5940       10.684 1
  5942       10.685 1
  5944       10.685 1
  5946       10.685 1
  5948       10.685 1
  5950       10.685 1
  5952       10.685 1
  5954       10.687 1
  5956       10.687 1
  5958       10.687 1
  5960       10.687 1
  5962       10.689 1
  5964       10.689 1
  5966       10.689 1
  5968       10.691 1
  5970       10.692 1
  5972       10.692 1
  5974       10.692 1
  5976       10.692 1
  5978       10.694 1
  5980       10.694 1
  5982       10.694 1
  5984       10.696 1
  5986       10.696 1
  5988       10.697 1
  5990       10.699 1
  5992       10.699 1
  5994       10.699 1
  5996       10.701 1
  5998       10.701 1
  6000       10.701 1
  6002       10.703 1
  6004       10.703 1
  6006       10.703 1
  6008       10.703 1
  6010       10.703 1
  6012       10.704 1
  6014       10.706 1
  6016       10.706 1
  6018       10.706 1
  6020       10.708 1
  6022       10.708 1
  6024       10.710 1
  6026       10.710 1
  6028       10.711 1
  6030       10.711 1
  6032       10.713 1
  6034       10.713 1
  6036       10.715 1
  6038       10.715 1
  6040       10.717 1
  6042       10.718 1
  6044       10.718 1
  6046       10.720 1
  6048       10.720 1
  6050       10.720 1
  6052       10.722 1
  6054       10.722 1
  6056       10.722 1
  6058       10.724 1
  6060       10.724 1
  6062       10.725 1
  6064       10.725 1
  6066       10.725 1
  6068       10.727 1
  6070       10.727 1
  6072       10.727 1
  6074       10.729 1
  6076       10.729 1
  6078       10.729 1
  6080       10.730 1
  6082       10.730 1
  6084       10.732 1
  6086       10.732 1
  6088       10.734 1
  6090       10.734 1
  6092       10.734 1
  6094       10.734 1
  6096       10.736 1
  6098       10.736 1
  6100       10.736 1
  6102       10.736 1
  6104       10.736 1
  6106       10.737 1
  6108       10.737 1
  6110       10.739 1
  6112       10.739 1
  6114       10.739 1
  6116       10.739 1
  6118       10.739 1
  6120       10.739 1
  6122       10.741 1
  6124       10.741 1
  6126       10.741 1
  6128       10.741 1
  6130       10.741 1
  6132       10.743 1
  6134       10.743 1
  6136       10.744 1
  6138       10.744 1
  6140       10.746 1
  6142       10.746 1
  6144       10.748 1
  6146       10.748 1
  6148       10.748 1
  6150       10.750 1
  6152       10.750 1
  6154       10.751 1
  6156       10.751 1
  6158       10.751 1
  6160       10.751 1
  6162       10.753 1
  6164       10.753 1
  6166       10.753 1
  6168       10.755 1
  6170       10.757 1
  6172       10.758 1
  6174       10.758 1
  6176       10.760 1
  6178       10.760 1
  6180       10.760 1
  6182       10.762 1
  6184       10.762 1
  6186       10.763 1
  6188       10.763 1
  6190       10.765 1
  6192       10.765 1
  6194       10.765 1
  6196       10.767 1
  6198       10.767 1
  6200       10.769 1
  6202       10.769 1
  6204       10.770 1
  6206       10.770 1
  6208       10.772 1
  6210       10.772 1
  6212       10.772 1
  6214       10.774 1
  6216       10.774 1
  6218       10.774 1
  6220       10.774 1
  6222       10.776 1
  6224       10.776 1
  6226       10.776 1
  6228       10.776 1
  6230       10.776 1
  6232       10.777 1
  6234       10.776 1
  6236       10.776 1
  6238       10.776 1
  6240       10.776 1
  6242       10.776 1
  6244       10.777 1
  6246       10.777 1
  6248       10.777 1
  6250       10.779 1
  6252       10.779 1
  6254       10.781 1
  6256       10.781 1
  6258       10.783 1
  6260       10.784 1
  6262       10.786 1
  6264       10.788 1
  6266       10.790 1
  6268       10.791 1
  6270       10.793 1
  6272       10.793 1
  6274       10.795 1
  6276       10.795 1
  6278       10.795 1
  6280       10.795 1
  6282       10.793 1
  6284       10.793 1
  6286       10.793 1
  6288       10.793 1
  6290       10.793 1
  6292       10.793 1
  6294       10.793 1
  6296       10.793 1
  6298       10.793 1
  6300       10.793 1
  6302       10.795 1
  6304       10.795 1
  6306       10.795 1
  6308       10.795 1
  6310       10.795 1
  6312       10.796 1
  6314       10.796 1
  6316       10.798 1
  6318       10.798 1
  6320       10.798 1
  6322       10.798 1
  6324       10.798 1
  6326       10.800 1
  6328       10.800 1
  6330       10.800 1
  6332       10.802 1
  6334       10.802 1
  6336       10.803 1
  6338       10.803 1
  6340       10.805 1
  6342       10.805 1
  6344       10.807 1
  6346       10.807 1
  6348       10.807 1
  6350       10.807 1
  6352       10.809 1
  6354       10.809 1
  6356       10.810 1
  6358       10.810 1
  6360       10.810 1
  6362       10.812 1
  6364       10.812 1
  6366       10.814 1
  6368       10.814 1
  6370       10.814 1
  6372       10.816 1
  6374       10.816 1
  6376       10.816 1
  6378       10.816 1
  6380       10.817 1
  6382       10.817 1
  6384       10.817 1
  6386       10.817 1
  6388       10.817 1
  6390       10.817 1
  6392       10.817 1
  6394       10.819 1
  6396       10.819 1
  6398       10.819 1
  6400       10.821 1
  6402       10.821 1
  6404       10.822 1
  6406       10.824 1
  6408       10.824 1
  6410       10.824 1
  6412       10.826 1
  6414       10.826 1
  6416       10.826 1
  6418       10.828 1
  6420       10.828 1
  6422       10.828 1
  6424       10.828 1
  6426       10.829 1
  6428       10.829 1
  6430       10.831 1
  6432       10.831 1
  6434       10.831 1
  6436       10.833 1
  6438       10.833 1
  6440       10.833 1
  6442       10.835 1
  6444       10.835 1
  6446       10.835 1
  6448       10.836 1
  6450       10.836 1
  6452       10.838 1
  6454       10.838 1
  6456       10.838 1
  6458       10.840 1
  6460       10.840 1
  6462       10.840 1
  6464       10.842 1
  6466       10.843 1
  6468       10.843 1
  6470       10.845 1
  6472       10.845 1
  6474       10.847 1
  6476       10.847 1
  6478       10.847 1
  6480       10.849 1
  6482       10.849 1
  6484       10.849 1
  6486       10.849 1
  6488       10.849 1
  6490       10.849 1
  6492       10.849 1
  6494       10.850 1
  6496       10.852 1
  6498       10.852 1
  6500       10.855 1
  6502       10.859 1
  6504       10.861 1
  6506       10.864 1
  6508       10.869 1
  6510       10.871 1
  6512       10.876 1
  6514       10.878 1
  6516       10.882 1
  6518       10.885 1
  6520       10.887 1
  6522       10.890 1
  6524       10.894 1
  6526       10.897 1
  6528       10.899 1
  6530       10.904 1
  6532       10.906 1
  6534       10.911 1
  6536       10.915 1
  6538       10.920 1
  6540       10.925 1
  6542       10.932 1
  6544       10.941 1
  6546       10.949 1
  6548       10.956 1
  6550       10.965 1
  6552       10.975 1
  6554       10.982 1
  6556       10.989 1
  6558       10.996 1
  6560       11.000 1
  6562       11.001 1
  6564       11.003 1
  6566       11.003 1
  6568       10.998 1
  6570       10.994 1
  6572       10.991 1
  6574       10.984 1
  6576       10.977 1
  6578       10.972 1
  6580       10.965 1
  6582       10.958 1
  6584       10.953 1
  6586       10.947 1
  6588       10.942 1
  6590       10.937 1
  6592       10.932 1
  6594       10.930 1
  6596       10.925 1
  6598       10.923 1
  6600       10.920 1
  6602       10.918 1
  6604       10.916 1
  6606       10.915 1
  6608       10.913 1
  6610       10.911 1
  6612       10.909 1
  6614       10.909 1
  6616       10.906 1
  6618       10.906 1
  6620       10.904 1
  6622       10.904 1
  6624       10.902 1
  6626       10.902 1
  6628       10.902 1
  6630       10.902 1
  6632       10.902 1
  6634       10.902 1
  6636       10.904 1
  6638       10.904 1
  6640       10.904 1
  6642       10.904 1
  6644       10.904 1
  6646       10.904 1
  6648       10.906 1
  6650       10.906 1
  6652       10.906 1
  6654       10.908 1
  6656       10.909 1
  6658       10.909 1
  6660       10.909 1
  6662       10.909 1
  6664       10.911 1
  6666       10.911 1
  6668       10.911 1
  6670       10.911 1
  6672       10.911 1
  6674       10.913 1
  6676       10.913 1
  6678       10.915 1
  6680       10.916 1
  6682       10.916 1
  6684       10.918 1
  6686       10.918 1
  6688       10.918 1
  6690       10.920 1
  6692       10.920 1
  6694       10.920 1
  6696       10.920 1
  6698       10.921 1
  6700       10.921 1
  6702       10.921 1
  6704       10.921 1
  6706       10.921 1
  6708       10.923 1
  6710       10.923 1
  6712       10.923 1
  6714       10.923 1
  6716       10.923 1
  6718       10.923 1
  6720       10.925 1
  6722       10.925 1
  6724       10.925 1
  6726       10.927 1
  6728       10.927 1
  6730       10.927 1
  6732       10.928 1
  6734       10.930 1
  6736       10.930 1
  6738       10.932 1
  6740       10.932 1
  6742       10.932 1
  6744       10.934 1
  6746       10.934 1
  6748       10.934 1
  6750       10.935 1
  6752       10.935 1
  6754       10.935 1
  6756       10.935 1
  6758       10.935 1
  6760       10.937 1
  6762       10.937 1
  6764       10.937 1
  6766       10.937 1
  6768       10.937 1
  6770       10.937 1
  6772       10.937 1
  6774       10.937 1
  6776       10.939 1
  6778       10.939 1
  6780       10.939 1
  6782       10.941 1
  6784       10.941 1
  6786       10.942 1
  6788       10.942 1
  6790       10.942 1
  6792       10.942 1
  6794       10.942 1
  6796       10.944 1
  6798       10.944 1
  6800       10.944 1
  6802       10.944 1
  6804       10.944 1
  6806       10.944 1
  6808       10.944 1
  6810       10.944 1
  6812       10.946 1
  6814       10.946 1
  6816       10.946 1
  6818       10.946 1
  6820       10.946 1
  6822       10.946 1
  6824       10.946 1
  6826       10.946 1
  6828       10.947 1
  6830       10.947 1
  6832       10.949 1
  6834       10.949 1
  6836       10.949 1
  6838       10.951 1
  6840       10.951 1
  6842       10.951 1
  6844       10.951 1
  6846       10.950 1
  6848       10.950 1
  6850       10.951 1
  6852       10.951 1
  6854       10.951 1
  6856       10.951 1
  6858       10.952 1
  6860       10.952 1
  6862       10.952 1
  6864       10.953 1
  6866       10.953 1
  6868       10.953 1
  6870       10.954 1
  6872       10.954 1
  6874       10.955 1
  6876       10.955 1
  6878       10.955 1
  6880       10.956 1
  6882       10.956 1
  6884       10.957 1
  6886       10.957 1
  6888       10.957 1
  6890       10.958 1
  6892       10.958 1
  6894       10.959 1
  6896       10.959 1
  6898       10.960 1
  6900       10.960 1
  6902       10.961 1
  6904       10.961 1
  6906       10.962 1
  6908       10.962 1
  6910       10.963 1
  6912       10.963 1
  6914       10.964 1
  6916       10.964 1
  6918       10.965 1
  6920       10.965 1
  6922       10.966 1
  6924       10.967 1
  6926       10.967 1
  6928       10.968 1
  6930       10.968 1
  6932       10.969 1
  6934       10.970 1
  6936       10.970 1
  6938       10.971 1
  6940       10.972 1
  6942       10.972 1
  6944       10.973 1
  6946       10.974 1
  6948       10.974 1
  6950       10.975 1
  6952       10.975 1
  6954       10.975 1
  6956       10.977 1
  6958       10.977 1
  6960       10.977 1
  6962       10.979 1
  6964       10.979 1
  6966       10.980 1
  6968       10.982 1
  6970       10.982 1
  6972       10.984 1
  6974       10.986 1
  6976       10.986 1
  6978       10.987 1
  6980       10.989 1
  6982       10.989 1
  6984       10.989 1
  6986       10.991 1
  6988       10.991 1
  6990       10.991 1
  6992       10.991 1
  6994       10.989 1
  6996       10.989 1
  6998       10.989 1
  7000       10.989 1
  7002       10.989 1
  7004       10.991 1
  7006       10.991 1
  7008       10.993 1
  7010       10.994 1
  7012       10.996 1
  7014       10.996 1
  7016       10.998 1
  7018       10.998 1
  7020       11.000 1
  7022       11.001 1
  7024       11.001 1
  7026       11.003 1
  7028       11.003 1
  7030       11.003 1
  7032       11.003 1
  7034       11.003 1
  7036       11.003 1
  7038       11.005 1
  7040       11.005 1
  7042       11.005 1
  7044       11.005 1
  7046       11.005 1
  7048       11.005 1
  7050       11.005 1
  7052       11.007 1
  7054       11.008 1
  7056       11.008 1
  7058       11.010 1
  7060       11.010 1
  7062       11.012 1
  7064       11.013 1
  7066       11.015 1
  7068       11.015 1
  7070       11.015 1
  7072       11.017 1
  7074       11.017 1
  7076       11.017 1
  7078       11.017 1
  7080       11.017 1
  7082       11.017 1
  7084       11.017 1
  7086       11.017 1
  7088       11.017 1
  7090       11.019 1
  7092       11.019 1
  7094       11.019 1
  7096       11.019 1
  7098       11.019 1
  7100       11.019 1
  7102       11.019 1
  7104       11.019 1
  7106       11.019 1
  7108       11.020 1
  7110       11.020 1
  7112       11.022 1
  7114       11.022 1
  7116       11.022 1
  7118       11.022 1
  7120       11.022 1
  7122       11.022 1
  7124       11.024 1
  7126       11.024 1
  7128       11.024 1
  7130       11.026 1
  7132       11.027 1
  7134       11.027 1
  7136       11.027 1
  7138       11.029 1
  7140       11.029 1
  7142       11.029 1
  7144       11.031 1
  7146       11.031 1
  7148       11.031 1
  7150       11.033 1
  7152       11.034 1
  7154       11.036 1
  7156       11.038 1
  7158       11.041 1
  7160       11.043 1
  7162       11.045 1
  7164       11.048 1
  7166       11.050 1
  7168       11.052 1
  7170       11.052 1
  7172       11.053 1
  7174       11.053 1
  7176       11.052 1
  7178       11.052 1
  7180       11.050 1
  7182       11.050 1
  7184       11.048 1
  7186       11.048 1
  7188       11.046 1
  7190       11.045 1
  7192       11.043 1
  7194       11.041 1
  7196       11.040 1
  7198       11.038 1
  7200       11.034 1
  7202       11.033 1
  7204       11.031 1
  7206       11.029 1
  7208       11.027 1
  7210       11.027 1
  7212       11.029 1
  7214       11.031 1
  7216       11.034 1
  7218       11.038 1
  7220       11.041 1
  7222       11.046 1
  7224       11.050 1
  7226       11.055 1
  7228       11.057 1
  7230       11.060 1
  7232       11.062 1
  7234       11.064 1
  7236       11.062 1
  7238       11.062 1
  7240       11.060 1
  7242       11.060 1
  7244       11.057 1
  7246       11.057 1
  7248       11.057 1
  7250       11.057 1
  7252       11.057 1
  7254       11.057 1
  7256       11.057 1
  7258       11.057 1
  7260       11.059 1
  7262       11.060 1
  7264       11.060 1
  7266       11.060 1
  7268       11.060 1
  7270       11.062 1
  7272       11.060 1
  7274       11.060 1
  7276       11.060 1
  7278       11.059 1
  7280       11.057 1
  7282       11.057 1
  7284       11.057 1
  7286       11.057 1
  7288       11.057 1
  7290       11.059 1
  7292       11.060 1
  7294       11.060 1
  7296       11.060 1
  7298       11.062 1
  7300       11.062 1
  7302       11.064 1
  7304       11.066 1
  7306       11.067 1
  7308       11.067 1
  7310       11.067 1
  7312       11.067 1
  7314       11.067 1
  7316       11.067 1
  7318       11.067 1
  7320       11.067 1
  7322       11.067 1
  7324       11.067 1
  7326       11.069 1
  7328       11.069 1
  7330       11.071 1
  7332       11.072 1
  7334       11.074 1
  7336       11.076 1
  7338       11.076 1
  7340       11.076 1
  7342       11.078 1
  7344       11.078 1
  7346       11.078 1
  7348       11.078 1
  7350       11.078 1
  7352       11.079 1
  7354       11.079 1
  7356       11.081 1
  7358       11.083 1
  7360       11.083 1
  7362       11.085 1
  7364       11.085 1
  7366       11.086 1
  7368       11.088 1
  7370       11.088 1
  7372       11.088 1
  7374       11.088 1
  7376       11.088 1
  7378       11.090 1
  7380       11.090 1
  7382       11.092 1
  7384       11.092 1
  7386       11.093 1
  7388       11.093 1
  7390       11.095 1
  7392       11.095 1
  7394       11.095 1
  7396       11.095 1
  7398       11.095 1
  7400       11.093 1
  7402       11.093 1
  7404       11.093 1
  7406       11.093 1
  7408       11.093 1
  7410       11.095 1
  7412       11.095 1
  7414       11.097 1
  7416       11.097 1
  7418       11.099 1
  7420       11.100 1
  7422       11.100 1
  7424       11.102 1
  7426       11.102 1
  7428       11.104 1
  7430       11.104 1
  7432       11.105 1
  7434       11.107 1
  7436       11.107 1
  7438       11.107 1
  7440       11.109 1
  7442       11.109 1
  7444       11.109 1
  7446       11.109 1
  7448       11.111 1
  7450       11.111 1
  7452       11.111 1
  7454       11.112 1
  7456       11.112 1
  7458       11.114 1
  7460       11.114 1
  7462       11.114 1
  7464       11.114 1
  7466       11.114 1
  7468       11.114 1
  7470       11.116 1
  7472       11.116 1
  7474       11.116 1
  7476       11.116 1
  7478       11.118 1
  7480       11.119 1
  7482       11.119 1
  7484       11.119 1
  7486       11.121 1
  7488       11.121 1
  7490       11.123 1
  7492       11.123 1
  7494       11.123 1
  7496       11.123 1
  7498       11.125 1
  7500       11.125 1
  7502       11.125 1
  7504       11.126 1
  7506       11.126 1
  7508       11.126 1
  7510       11.126 1
  7512       11.126 1
  7514       11.128 1
  7516       11.128 1
  7518       11.128 1
  7520       11.130 1
  7522       11.130 1
  7524       11.130 1
  7526       11.132 1
  7528       11.133 1
  7530       11.133 1
  7532       11.133 1
  7534       11.133 1
  7536       11.135 1
  7538       11.135 1
  7540       11.135 1
  7542       11.137 1
  7544       11.137 1
  7546       11.138 1
  7548       11.140 1
  7550       11.138 1
  7552       11.139 1
  7554       11.139 1
  7556       11.140 1
  7558       11.140 1
  7560       11.141 1
  7562       11.142 1
  7564       11.142 1
  7566       11.143 1
  7568       11.143 1
  7570       11.144 1
  7572       11.144 1
  7574       11.145 1
  7576       11.145 1
  7578       11.146 1
  7580       11.146 1
  7582       11.147 1
  7584       11.147 1
  7586       11.148 1
  7588       11.148 1
  7590       11.149 1
  7592       11.149 1
  7594       11.150 1
  7596       11.150 1
  7598       11.151 1
  7600       11.151 1
  7602       11.152 1
  7604       11.152 1
  7606       11.153 1
  7608       11.153 1
  7610       11.154 1
  7612       11.154 1
  7614       11.155 1
  7616       11.155 1
  7618       11.156 1
  7620       11.156 1
  7622       11.157 1
  7624       11.157 1
  7626       11.158 1
  7628       11.158 1
  7630       11.159 1
  7632       11.159 1
  7634       11.160 1
  7636       11.160 1
  7638       11.161 1
  7640       11.161 1
  7642       11.162 1
  7644       11.162 1
  7646       11.163 1
  7648       11.163 1
  7650       11.164 1
  7652       11.164 1
  7654       11.165 1
  7656       11.165 1
  7658       11.165 1
  7660       11.166 1
  7662       11.166 1
  7664       11.167 1
  7666       11.167 1
  7668       11.168 1
  7670       11.168 1
  7672       11.169 1
  7674       11.169 1
  7676       11.170 1
  7678       11.170 1
  7680       11.171 1
  7682       11.171 1
  7684       11.172 1
  7686       11.172 1
  7688       11.172 1
  7690       11.173 1
  7692       11.173 1
  7694       11.173 1
  7696       11.173 1
  7698       11.173 1
  7700       11.175 1
  7702       11.177 1
  7704       11.177 1
  7706       11.177 1
  7708       11.177 1
  7710       11.178 1
  7712       11.178 1
  7714       11.178 1
  7716       11.178 1
  7718       11.180 1
  7720       11.180 1
  7722       11.180 1
  7724       11.182 1
  7726       11.182 1
  7728       11.182 1
  7730       11.184 1
  7732       11.185 1
  7734       11.185 1
  7736       11.187 1
  7738       11.187 1
  7740       11.189 1
  7742       11.189 1
  7744       11.191 1
  7746       11.191 1
  7748       11.191 1
  7750       11.191 1
  7752       11.191 1
  7754       11.191 1
  7756       11.191 1
  7758       11.191 1
  7760       11.191 1
  7762       11.191 1
  7764       11.192 1
  7766       11.192 1
  7768       11.192 1
  7770       11.194 1
  7772       11.194 1
  7774       11.194 1
  7776       11.194 1
  7778       11.194 1
  7780       11.196 1
  7782       11.196 1
  7784       11.196 1
  7786       11.196 1
  7788       11.196 1
  7790       11.197 1
  7792       11.199 1
  7794       11.199 1
  7796       11.201 1
  7798       11.201 1
  7800       11.203 1
  7802       11.203 1
  7804       11.204 1
  7806       11.204 1
  7808       11.206 1
  7810       11.206 1
  7812       11.206 1
  7814       11.206 1
  7816       11.208 1
  7818       11.208 1
  7820       11.208 1
  7822       11.208 1
  7824       11.208 1
  7826       11.210 1
  7828       11.210 1
  7830       11.211 1
  7832       11.213 1
  7834       11.213 1
  7836       11.213 1
  7838       11.215 1
  7840       11.215 1
  7842       11.215 1
  7844       11.215 1
  7846       11.215 1
  7848       11.215 1
  7850       11.215 1
  7852       11.217 1
  7854       11.218 1
  7856       11.218 1
  7858       11.220 1
  7860       11.220 1
  7862       11.222 1
  7864       11.222 1
  7866       11.224 1
  7868       11.225 1
  7870       11.225 1
  7872       11.227 1
  7874       11.227 1
  7876       11.227 1
  7878       11.227 1
  7880       11.225 1
  7882       11.225 1
  7884       11.224 1
  7886       11.222 1
  7888       11.222 1
  7890       11.222 1
  7892       11.222 1
  7894       11.222 1
  7896       11.222 1
  7898       11.222 1
  7900       11.222 1
  7902       11.224 1
  7904       11.224 1
  7906       11.224 1
  7908       11.225 1
  7910       11.225 1
  7912       11.225 1
  7914       11.225 1
  7916       11.227 1
  7918       11.227 1
  7920       11.229 1
  7922       11.229 1
  7924       11.230 1
  7926       11.230 1
  7928       11.232 1
  7930       11.232 1
  7932       11.232 1
  7934       11.232 1
  7936       11.232 1
  7938       11.234 1
  7940       11.234 1
  7942       11.236 1
  7944       11.236 1
  7946       11.236 1
  7948       11.237 1
  7950       11.239 1
  7952       11.239 1
  7954       11.239 1
  7956       11.239 1
  7958       11.239 1
  7960       11.239 1
  7962       11.239 1
  7964       11.237 1
  7966       11.237 1
  7968       11.237 1
  7970       11.237 1
  7972       11.239 1
  7974       11.239 1
  7976       11.239 1
  7978       11.241 1
  7980       11.243 1
  7982       11.244 1
  7984       11.246 1
  7986       11.246 1
  7988       11.246 1
  7990       11.248 1
  7992       11.248 1
  7994       11.248 1
  7996       11.250 1
  7998       11.250 1
  8000       11.251 1
  8002       11.251 1
  8004       11.251 1
  8006       11.251 1
  8008       11.251 1
  8010       11.251 1
  8012       11.251 1
  8014       11.251 1
  8016       11.251 1
  8018       11.251 1
  8020       11.251 1
  8022       11.251 1
  8024       11.251 1
  8026       11.251 1
  8028       11.251 1
  8030       11.251 1
  8032       11.253 1
  8034       11.253 1
  8036       11.253 1
  8038       11.253 1
  8040       11.253 1
  8042       11.255 1
  8044       11.255 1
  8046       11.255 1
  8048       11.257 1
  8050       11.257 1
  8052       11.257 1
  8054       11.257 1
  8056       11.257 1
  8058       11.258 1
  8060       11.258 1
  8062       11.260 1
  8064       11.260 1
  8066       11.262 1
  8068       11.263 1
  8070       11.265 1
  8072       11.265 1
  8074       11.265 1
  8076       11.267 1
  8078       11.267 1
  8080       11.269 1
  8082       11.269 1
  8084       11.270 1
  8086       11.270 1
  8088       11.270 1
  8090       11.270 1
  8092       11.272 1
  8094       11.272 1
  8096       11.272 1
  8098       11.272 1
  8100       11.272 1
  8102       11.272 1
  8104       11.272 1
  8106       11.272 1
  8108       11.272 1
  8110       11.272 1
  8112       11.274 1
  8114       11.274 1
  8116       11.274 1
  8118       11.276 1
  8120       11.277 1
  8122       11.277 1
  8124       11.279 1
  8126       11.283 1
  8128       11.284 1
  8130       11.286 1
  8132       11.288 1
  8134       11.288 1
  8136       11.290 1
  8138       11.290 1
  8140       11.290 1
  8142       11.290 1
  8144       11.288 1
  8146       11.288 1
  8148       11.288 1
  8150       11.286 1
  8152       11.286 1
  8154       11.284 1
  8156       11.284 1
  8158       11.284 1
  8160       11.283 1
  8162       11.281 1
  8164       11.281 1
  8166       11.279 1
  8168       11.277 1
  8170       11.277 1
  8172       11.277 1
  8174       11.277 1
  8176       11.277 1
  8178       11.277 1
  8180       11.277 1
  8182       11.277 1
  8184       11.277 1
  8186       11.277 1
  8188       11.279 1
  8190       11.279 1
  8192       11.279 1
  8194       11.281 1
  8196       11.281 1
  8198       11.284 1
  8200       11.286 1
  8202       11.288 1
  8204       11.291 1
  8206       11.295 1
  8208       11.298 1
  8210       11.303 1
  8212       11.307 1
  8214       11.312 1
  8216       11.317 1
  8218       11.321 1
  8220       11.326 1
  8222       11.326 1
  8224       11.326 1
  8226       11.326 1
  8228       11.321 1
  8230       11.316 1
  8232       11.312 1
  8234       11.307 1
  8236       11.305 1
  8238       11.300 1
  8240       11.302 1
  8242       11.303 1
  8244       11.305 1
  8246       11.309 1
  8248       11.312 1
  8250       11.314 1
  8252       11.317 1
  8254       11.319 1
  8256       11.321 1
  8258       11.321 1
  8260       11.322 1
  8262       11.322 1
  8264       11.322 1
  8266       11.322 1
  8268       11.322 1
  8270       11.322 1
  8272       11.322 1
  8274       11.322 1
  8276       11.321 1
  8278       11.321 1
  8280       11.321 1
  8282       11.319 1
  8284       11.317 1
  8286       11.317 1
  8288       11.316 1
  8290       11.316 1
  8292       11.314 1
  8294       11.314 1
  8296       11.314 1
  8298       11.314 1
  8300       11.314 1
  8302       11.314 1
  8304       11.312 1
  8306       11.312 1
  8308       11.314 1
  8310       11.314 1
  8312       11.314 1
  8314       11.314 1
  8316       11.316 1
  8318       11.316 1
  8320       11.316 1
  8322       11.316 1
  8324       11.316 1
  8326       11.316 1
  8328       11.317 1
  8330       11.317 1
  8332       11.317 1
  8334       11.317 1
  8336       11.319 1
  8338       11.319 1
  8340       11.321 1
  8342       11.321 1
  8344       11.322 1
  8346       11.324 1
  8348       11.324 1
  8350       11.326 1
  8352       11.326 1
  8354       11.328 1
  8356       11.328 1
  8358       11.328 1
  8360       11.328 1
  8362       11.329 1
  8364       11.329 1
  8366       11.329 1
  8368       11.329 1
  8370       11.328 1
  8372       11.328 1
  8374       11.328 1
  8376       11.328 1
  8378       11.326 1
  8380       11.328 1
  8382       11.328 1
  8384       11.328 1
  8386       11.329 1
  8388       11.331 1
  8390       11.333 1
  8392       11.335 1
  8394       11.335 1
  8396       11.336 1
  8398       11.338 1
  8400       11.338 1
  8402       11.340 1
  8404       11.340 1
  8406       11.342 1
  8408       11.343 1
  8410       11.343 1
  8412       11.343 1
  8414       11.345 1
  8416       11.345 1
  8418       11.347 1
  8420       11.347 1
  8422       11.349 1
  8424       11.349 1
  8426       11.350 1
  8428       11.350 1
  8430       11.350 1
  8432       11.350 1
  8434       11.350 1
  8436       11.350 1
  8438       11.350 1
  8440       11.350 1
  8442       11.352 1
  8444       11.352 1
  8446       11.352 1
  8448       11.352 1
  8450       11.352 1
  8452       11.352 1
  8454       11.352 1
  8456       11.352 1
  8458       11.352 1
  8460       11.352 1
  8462       11.352 1
  8464       11.352 1
  8466       11.352 1
  8468       11.352 1
  8470       11.354 1
  8472       11.354 1
  8474       11.354 1
  8476       11.354 1
  8478       11.354 1
  8480       11.354 1
  8482       11.352 1
  8484       11.354 1
  8486       11.354 1
  8488       11.354 1
  8490       11.354 1
  8492       11.354 1
  8494       11.354 1
  8496       11.354 1
  8498       11.354 1
  8500       11.355 1
  8502       11.357 1
  8504       11.359 1
  8506       11.359 1
  8508       11.361 1
  8510       11.364 1
  8512       11.364 1
  8514       11.364 1
  8516       11.364 1
  8518       11.364 1
  8520       11.361 1
  8522       11.359 1
  8524       11.357 1
  8526       11.352 1
  8528       11.350 1
  8530       11.345 1
  8532       11.343 1
  8534       11.340 1
  8536       11.338 1
  8538       11.338 1
  8540       11.338 1
  8542       11.338 1
  8544       11.342 1
  8546       11.345 1
  8548       11.349 1
  8550       11.354 1
  8552       11.359 1
  8554       11.364 1
  8556       11.369 1
  8558       11.375 1
  8560       11.378 1
  8562       11.382 1
  8564       11.385 1
  8566       11.387 1
  8568       11.388 1
  8570       11.390 1
  8572       11.392 1
  8574       11.394 1
  8576       11.394 1
  8578       11.395 1
  8580       11.395 1
  8582       11.397 1
  8584       11.397 1
  8586       11.397 1
  8588       11.397 1
  8590       11.397 1
  8592       11.397 1
  8594       11.397 1
  8596       11.399 1
  8598       11.399 1
  8600       11.399 1
  8602       11.401 1
  8604       11.402 1
  8606       11.402 1
  8608       11.402 1
  8610       11.404 1
  8612       11.404 1
  8614       11.404 1
  8616       11.404 1
  8618       11.404 1
  8620       11.404 1
  8622       11.402 1
  8624       11.402 1
  8626       11.402 1
  8628       11.402 1
  8630       11.402 1
  8632       11.402 1
  8634       11.401 1
  8636       11.399 1
  8638       11.399 1
  8640       11.397 1
  8642       11.394 1
  8644       11.392 1
  8646       11.390 1
  8648       11.387 1
  8650       11.383 1
  8652       11.380 1
  8654       11.378 1
  8656       11.376 1
  8658       11.376 1
  8660       11.376 1
  8662       11.378 1
  8664       11.382 1
  8666       11.387 1
  8668       11.392 1
  8670       11.397 1
  8672       11.404 1
  8674       11.409 1
  8676       11.416 1
  8678       11.420 1
  8680       11.423 1
  8682       11.427 1
  8684       11.428 1
  8686       11.430 1
  8688       11.432 1
  8690       11.434 1
  8692       11.435 1
  8694       11.435 1
  8696       11.435 1
  8698       11.435 1
  8700       11.434 1
  8702       11.430 1
  8704       11.428 1
  8706       11.427 1
  8708       11.421 1
  8710       11.418 1
  8712       11.413 1
  8714       11.411 1
  8716       11.406 1
  8718       11.404 1
  8720       11.406 1
  8722       11.409 1
  8724       11.411 1
  8726       11.413 1
  8728       11.413 1
  8730       11.416 1
  8732       11.416 1
  8734       11.416 1
  8736       11.416 1
  8738       11.416 1
  8740       11.416 1
  8742       11.416 1
  8744       11.416 1
  8746       11.418 1
  8748       11.418 1
  8750       11.420 1
  8752       11.420 1
  8754       11.423 1
  8756       11.425 1
  8758       11.427 1
  8760       11.430 1
  8762       11.432 1
  8764       11.435 1
  8766       11.439 1
  8768       11.442 1
  8770       11.444 1
  8772       11.446 1
  8774       11.446 1
  8776       11.449 1
  8778       11.449 1
  8780       11.449 1
  8782       11.451 1
  8784       11.451 1
  8786       11.451 1
  8788       11.449 1
  8790       11.449 1
  8792       11.447 1
  8794       11.446 1
  8796       11.446 1
  8798       11.444 1
  8800       11.442 1
  8802       11.442 1
  8804       11.441 1
  8806       11.439 1
  8808       11.439 1
  8810       11.439 1
  8812       11.439 1
  8814       11.439 1
  8816       11.441 1
  8818       11.441 1
  8820       11.442 1
  8822       11.442 1
  8824       11.442 1
  8826       11.441 1
  8828       11.441 1
  8830       11.441 1
  8832       11.441 1
  8834       11.441 1
  8836       11.441 1
  8838       11.442 1
  8840       11.442 1
  8842       11.442 1
  8844       11.442 1
  8846       11.442 1
  8848       11.442 1
  8850       11.442 1
  8852       11.442 1
  8854       11.442 1
  8856       11.444 1
  8858       11.444 1
  8860       11.444 1
  8862       11.444 1
  8864       11.444 1
  8866       11.446 1
  8868       11.447 1
  8870       11.449 1
  8872       11.451 1
  8874       11.454 1
  8876       11.456 1
  8878       11.458 1
  8880       11.458 1
  8882       11.460 1
  8884       11.460 1
  8886       11.460 1
  8888       11.460 1
  8890       11.460 1
  8892       11.461 1
  8894       11.463 1
  8896       11.463 1
  8898       11.463 1
  8900       11.463 1
  8902       11.461 1
  8904       11.460 1
  8906       11.460 1
  8908       11.460 1
  8910       11.461 1
  8912       11.463 1
  8914       11.463 1
  8916       11.465 1
  8918       11.467 1
  8920       11.468 1
  8922       11.470 1
  8924       11.472 1
  8926       11.475 1
  8928       11.477 1
  8930       11.480 1
  8932       11.486 1
  8934       11.491 1
  8936       11.494 1
  8938       11.498 1
  8940       11.503 1
  8942       11.505 1
  8944       11.508 1
  8946       11.512 1
  8948       11.515 1
  8950       11.519 1
  8952       11.522 1
  8954       11.524 1
  8956       11.526 1
  8958       11.527 1
  8960       11.527 1
  8962       11.527 1
  8964       11.526 1
  8966       11.524 1
  8968       11.524 1
  8970       11.522 1
  8972       11.522 1
  8974       11.520 1
  8976       11.522 1
  8978       11.522 1
  8980       11.520 1
  8982       11.519 1
  8984       11.519 1
  8986       11.517 1
  8988       11.512 1
  8990       11.510 1
  8992       11.505 1
  8994       11.501 1
  8996       11.496 1
  8998       11.494 1
  9000       11.491 1
  9002       11.489 1
  9004       11.489 1
  9006       11.489 1
  9008       11.489 1
  9010       11.489 1
  9012       11.489 1
  9014       11.489 1
  9016       11.491 1
  9018       11.491 1
  9020       11.494 1
  9022       11.496 1
  9024       11.500 1
  9026       11.503 1
  9028       11.507 1
  9030       11.512 1
  9032       11.517 1
  9034       11.524 1
  9036       11.529 1
  9038       11.536 1
  9040       11.541 1
  9042       11.545 1
  9044       11.550 1
  9046       11.555 1
  9048       11.557 1
  9050       11.560 1
  9052       11.562 1
  9054       11.564 1
  9056       11.567 1
  9058       11.569 1
  9060       11.569 1
  9062       11.569 1
  9064       11.567 1
  9066       11.564 1
  9068       11.562 1
  9070       11.559 1
  9072       11.557 1
  9074       11.553 1
  9076       11.552 1
  9078       11.550 1
  9080       11.548 1
  9082       11.545 1
  9084       11.543 1
  9086       11.540 1
  9088       11.538 1
  9090       11.536 1
  9092       11.536 1
  9094       11.534 1
  9096       11.534 1
  9098       11.536 1
  9100       11.536 1
  9102       11.536 1
  9104       11.536 1
  9106       11.536 1
  9108       11.536 1
  9110       11.536 1
  9112       11.538 1
  9114       11.538 1
  9116       11.540 1
  9118       11.541 1
  9120       11.543 1
  9122       11.545 1
  9124       11.548 1
  9126       11.548 1
  9128       11.548 1
  9130       11.548 1
  9132       11.545 1
  9134       11.543 1
  9136       11.541 1
  9138       11.540 1
  9140       11.538 1
  9142       11.538 1
  9144       11.538 1
  9146       11.540 1
  9148       11.541 1
  9150       11.541 1
  9152       11.540 1
  9154       11.538 1
  9156       11.538 1
  9158       11.538 1
  9160       11.536 1
  9162       11.536 1
  9164       11.538 1
  9166       11.538 1
  9168       11.540 1
  9170       11.540 1
  9172       11.541 1
  9174       11.540 1
  9176       11.538 1
  9178       11.536 1
  9180       11.534 1
  9182       11.534 1
  9184       11.533 1
  9186       11.533 1
  9188       11.534 1
  9190       11.536 1
  9192       11.536 1
  9194       11.538 1
  9196       11.538 1
  9198       11.538 1
  9200       11.536 1
