# BD+33 2642
# Oke, AJ, 99, 1621.
# More information: http//catserver.ing.iac.es/landscape/tn065-100/workflux.php
#
  3200       10.491 1
  3201       10.494 1
  3202       10.494 1
  3203       10.496 1
  3204       10.496 1
  3205       10.494 1
  3206       10.494 1
  3207       10.493 1
  3208       10.489 1
  3209       10.486 1
  3210       10.480 1
  3211       10.475 1
  3212       10.470 1
  3213       10.465 1
  3214       10.463 1
  3215       10.463 1
  3216       10.463 1
  3217       10.465 1
  3218       10.467 1
  3219       10.468 1
  3220       10.467 1
  3221       10.465 1
  3222       10.465 1
  3223       10.465 1
  3224       10.463 1
  3225       10.467 1
  3226       10.470 1
  3227       10.468 1
  3228       10.467 1
  3229       10.465 1
  3230       10.463 1
  3231       10.461 1
  3232       10.460 1
  3233       10.458 1
  3234       10.456 1
  3235       10.454 1
  3236       10.453 1
  3237       10.451 1
  3238       10.451 1
  3239       10.449 1
  3240       10.451 1
  3241       10.451 1
  3242       10.456 1
  3243       10.460 1
  3244       10.465 1
  3245       10.470 1
  3246       10.475 1
  3247       10.479 1
  3248       10.484 1
  3249       10.491 1
  3250       10.496 1
  3251       10.500 1
  3252       10.503 1
  3253       10.505 1
  3254       10.508 1
  3255       10.512 1
  3256       10.517 1
  3257       10.519 1
  3258       10.522 1
  3259       10.524 1
  3260       10.524 1
  3261       10.524 1
  3262       10.522 1
  3263       10.520 1
  3264       10.519 1
  3265       10.519 1
  3266       10.519 1
  3267       10.519 1
  3268       10.519 1
  3269       10.519 1
  3270       10.519 1
  3271       10.519 1
  3272       10.522 1
  3273       10.526 1
  3274       10.529 1
  3275       10.534 1
  3276       10.538 1
  3277       10.541 1
  3278       10.545 1
  3279       10.548 1
  3280       10.550 1
  3281       10.553 1
  3282       10.557 1
  3283       10.560 1
  3284       10.562 1
  3285       10.562 1
  3286       10.564 1
  3287       10.564 1
  3288       10.564 1
  3289       10.564 1
  3290       10.564 1
  3291       10.562 1
  3292       10.560 1
  3293       10.559 1
  3294       10.557 1
  3295       10.555 1
  3296       10.555 1
  3297       10.552 1
  3298       10.552 1
  3299       10.552 1
  3300       10.550 1
  3301       10.548 1
  3302       10.548 1
  3303       10.546 1
  3304       10.545 1
  3305       10.545 1
  3306       10.543 1
  3307       10.543 1
  3308       10.543 1
  3309       10.543 1
  3310       10.541 1
  3311       10.541 1
  3312       10.538 1
  3313       10.538 1
  3314       10.536 1
  3315       10.534 1
  3316       10.529 1
  3317       10.527 1
  3318       10.526 1
  3319       10.522 1
  3320       10.519 1
  3321       10.517 1
  3322       10.515 1
  3323       10.513 1
  3324       10.512 1
  3325       10.512 1
  3326       10.510 1
  3327       10.510 1
  3328       10.512 1
  3329       10.515 1
  3330       10.519 1
  3331       10.522 1
  3332       10.527 1
  3333       10.531 1
  3334       10.534 1
  3335       10.536 1
  3336       10.538 1
  3337       10.541 1
  3338       10.543 1
  3339       10.545 1
  3340       10.548 1
  3341       10.548 1
  3342       10.550 1
  3343       10.550 1
  3344       10.552 1
  3345       10.553 1
  3346       10.557 1
  3347       10.557 1
  3348       10.559 1
  3349       10.559 1
  3350       10.559 1
  3351       10.559 1
  3352       10.560 1
  3353       10.560 1
  3354       10.560 1
  3355       10.560 1
  3356       10.560 1
  3357       10.562 1
  3358       10.564 1
  3359       10.564 1
  3360       10.564 1
  3361       10.562 1
  3362       10.562 1
  3363       10.560 1
  3364       10.560 1
  3365       10.559 1
  3366       10.557 1
  3367       10.555 1
  3368       10.555 1
  3369       10.557 1
  3370       10.560 1
  3371       10.562 1
  3372       10.564 1
  3373       10.564 1
  3374       10.564 1
  3375       10.564 1
  3376       10.562 1
  3377       10.562 1
  3378       10.560 1
  3379       10.559 1
  3380       10.557 1
  3381       10.555 1
  3382       10.555 1
  3383       10.555 1
  3384       10.557 1
  3385       10.557 1
  3386       10.557 1
  3387       10.557 1
  3388       10.555 1
  3389       10.555 1
  3390       10.555 1
  3391       10.553 1
  3392       10.555 1
  3393       10.555 1
  3394       10.555 1
  3395       10.557 1
  3396       10.559 1
  3397       10.559 1
  3398       10.557 1
  3399       10.555 1
  3400       10.553 1
  3401       10.552 1
  3402       10.550 1
  3403       10.548 1
  3404       10.546 1
  3405       10.545 1
  3406       10.545 1
  3407       10.545 1
  3408       10.545 1
  3409       10.545 1
  3410       10.545 1
  3411       10.545 1
  3412       10.546 1
  3413       10.546 1
  3414       10.546 1
  3415       10.546 1
  3416       10.546 1
  3417       10.548 1
  3418       10.550 1
  3419       10.552 1
  3420       10.552 1
  3421       10.553 1
  3422       10.553 1
  3423       10.553 1
  3424       10.553 1
  3425       10.553 1
  3426       10.553 1
  3427       10.553 1
  3428       10.553 1
  3429       10.552 1
  3430       10.552 1
  3431       10.553 1
  3432       10.555 1
  3433       10.557 1
  3434       10.559 1
  3435       10.559 1
  3436       10.559 1
  3437       10.557 1
  3438       10.555 1
  3439       10.553 1
  3440       10.553 1
  3441       10.555 1
  3442       10.557 1
  3443       10.560 1
  3444       10.562 1
  3445       10.566 1
  3446       10.569 1
  3447       10.574 1
  3448       10.578 1
  3449       10.581 1
  3450       10.583 1
  3451       10.583 1
  3452       10.583 1
  3453       10.581 1
  3454       10.583 1
  3455       10.585 1
  3456       10.586 1
  3457       10.586 1
  3458       10.586 1
  3459       10.585 1
  3460       10.583 1
  3461       10.583 1
  3462       10.583 1
  3463       10.581 1
  3464       10.579 1
  3465       10.579 1
  3466       10.581 1
  3467       10.583 1
  3468       10.581 1
  3469       10.578 1
  3470       10.574 1
  3471       10.569 1
  3472       10.569 1
  3473       10.571 1
  3474       10.572 1
  3475       10.574 1
  3476       10.576 1
  3477       10.578 1
  3478       10.578 1
  3479       10.579 1
  3480       10.581 1
  3481       10.581 1
  3482       10.583 1
  3483       10.583 1
  3484       10.585 1
  3485       10.585 1
  3486       10.585 1
  3487       10.585 1
  3488       10.585 1
  3489       10.583 1
  3490       10.583 1
  3491       10.581 1
  3492       10.579 1
  3493       10.579 1
  3494       10.581 1
  3495       10.581 1
  3496       10.583 1
  3497       10.583 1
  3498       10.585 1
  3499       10.585 1
  3500       10.585 1
  3501       10.586 1
  3502       10.586 1
  3503       10.588 1
  3504       10.586 1
  3505       10.585 1
  3506       10.585 1
  3507       10.585 1
  3508       10.585 1
  3509       10.588 1
  3510       10.588 1
  3511       10.590 1
  3512       10.592 1
  3513       10.593 1
  3514       10.593 1
  3515       10.595 1
  3516       10.597 1
  3517       10.597 1
  3518       10.597 1
  3519       10.597 1
  3520       10.595 1
  3521       10.592 1
  3522       10.586 1
  3523       10.585 1
  3524       10.588 1
  3525       10.592 1
  3526       10.597 1
  3527       10.604 1
  3528       10.605 1
  3529       10.607 1
  3530       10.609 1
  3531       10.609 1
  3532       10.611 1
  3533       10.612 1
  3534       10.612 1
  3535       10.611 1
  3536       10.611 1
  3537       10.611 1
  3538       10.612 1
  3539       10.612 1
  3540       10.612 1
  3541       10.612 1
  3542       10.611 1
  3543       10.612 1
  3544       10.614 1
  3545       10.614 1
  3546       10.616 1
  3547       10.618 1
  3548       10.619 1
  3549       10.619 1
  3550       10.619 1
  3551       10.619 1
  3552       10.618 1
  3553       10.616 1
  3554       10.614 1
  3555       10.609 1
  3556       10.605 1
  3557       10.602 1
  3558       10.600 1
  3559       10.597 1
  3560       10.595 1
  3561       10.595 1
  3562       10.597 1
  3563       10.597 1
  3564       10.597 1
  3565       10.597 1
  3566       10.595 1
  3567       10.593 1
  3568       10.590 1
  3569       10.590 1
  3570       10.588 1
  3571       10.588 1
  3572       10.588 1
  3573       10.588 1
  3574       10.588 1
  3575       10.590 1
  3576       10.590 1
  3577       10.590 1
  3578       10.592 1
  3579       10.593 1
  3580       10.595 1
  3581       10.597 1
  3582       10.600 1
  3583       10.600 1
  3584       10.602 1
  3585       10.602 1
  3586       10.602 1
  3587       10.602 1
  3588       10.600 1
  3589       10.599 1
  3590       10.597 1
  3591       10.597 1
  3592       10.597 1
  3593       10.593 1
  3594       10.592 1
  3595       10.590 1
  3596       10.590 1
  3597       10.593 1
  3598       10.595 1
  3599       10.595 1
  3600       10.595 1
  3601       10.595 1
  3602       10.593 1
  3603       10.593 1
  3604       10.595 1
  3605       10.595 1
  3606       10.595 1
  3607       10.597 1
  3608       10.599 1
  3609       10.600 1
  3610       10.604 1
  3611       10.605 1
  3612       10.607 1
  3613       10.607 1
  3614       10.607 1
  3615       10.607 1
  3616       10.609 1
  3617       10.609 1
  3618       10.609 1
  3619       10.609 1
  3620       10.611 1
  3621       10.612 1
  3622       10.616 1
  3623       10.619 1
  3624       10.623 1
  3625       10.625 1
  3626       10.626 1
  3627       10.628 1
  3628       10.632 1
  3629       10.635 1
  3630       10.637 1
  3631       10.640 1
  3632       10.640 1
  3633       10.640 1
  3634       10.637 1
  3635       10.635 1
  3636       10.637 1
  3637       10.637 1
  3638       10.637 1
  3639       10.635 1
  3640       10.633 1
  3641       10.630 1
  3642       10.630 1
  3643       10.630 1
  3644       10.630 1
  3645       10.630 1
  3646       10.630 1
  3647       10.630 1
  3648       10.630 1
  3649       10.633 1
  3650       10.633 1
  3651       10.635 1
  3652       10.637 1
  3653       10.640 1
  3654       10.642 1
  3655       10.644 1
  3656       10.647 1
  3657       10.647 1
  3658       10.647 1
  3659       10.647 1
  3660       10.647 1
  3661       10.649 1
  3662       10.649 1
  3663       10.649 1
  3664       10.649 1
  3665       10.649 1
  3666       10.647 1
  3667       10.647 1
  3668       10.644 1
  3669       10.644 1
  3670       10.642 1
  3671       10.640 1
  3672       10.638 1
  3673       10.638 1
  3674       10.638 1
  3675       10.637 1
  3676       10.637 1
  3677       10.635 1
  3678       10.633 1
  3679       10.632 1
  3680       10.628 1
  3681       10.626 1
  3682       10.625 1
  3683       10.623 1
  3684       10.625 1
  3685       10.626 1
  3686       10.628 1
  3687       10.630 1
  3688       10.632 1
  3689       10.633 1
  3690       10.635 1
  3691       10.635 1
  3692       10.637 1
  3693       10.640 1
  3694       10.640 1
  3695       10.640 1
  3696       10.638 1
  3697       10.635 1
  3698       10.633 1
  3699       10.633 1
  3700       10.630 1
  3701       10.628 1
  3702       10.626 1
  3703       10.625 1
  3704       10.623 1
  3705       10.621 1
  3706       10.619 1
  3707       10.616 1
  3708       10.611 1
  3709       10.607 1
  3710       10.602 1
  3711       10.595 1
  3712       10.590 1
  3713       10.585 1
  3714       10.578 1
  3715       10.572 1
  3716       10.571 1
  3717       10.569 1
  3718       10.571 1
  3719       10.571 1
  3720       10.569 1
  3721       10.566 1
  3722       10.559 1
  3723       10.552 1
  3724       10.545 1
  3725       10.536 1
  3726       10.531 1
  3727       10.529 1
  3728       10.529 1
  3729       10.531 1
  3730       10.533 1
  3731       10.534 1
  3732       10.538 1
  3733       10.534 1
  3734       10.533 1
  3735       10.524 1
  3736       10.517 1
  3737       10.507 1
  3738       10.496 1
  3739       10.487 1
  3740       10.480 1
  3741       10.477 1
  3742       10.477 1
  3743       10.480 1
  3744       10.489 1
  3745       10.498 1
  3746       10.508 1
  3747       10.515 1
  3748       10.519 1
  3749       10.519 1
  3750       10.512 1
  3751       10.503 1
  3752       10.491 1
  3753       10.477 1
  3754       10.463 1
  3755       10.451 1
  3756       10.441 1
  3757       10.434 1
  3758       10.427 1
  3759       10.428 1
  3760       10.430 1
  3761       10.437 1
  3762       10.446 1
  3763       10.456 1
  3764       10.468 1
  3765       10.479 1
  3766       10.491 1
  3767       10.501 1
  3768       10.512 1
  3769       10.517 1
  3770       10.513 1
  3771       10.508 1
  3772       10.494 1
  3773       10.479 1
  3774       10.465 1
  3775       10.451 1
  3776       10.439 1
  3777       10.430 1
  3778       10.423 1
  3779       10.418 1
  3780       10.416 1
  3781       10.416 1
  3782       10.416 1
  3783       10.418 1
  3784       10.420 1
  3785       10.425 1
  3786       10.428 1
  3787       10.437 1
  3788       10.446 1
  3789       10.460 1
  3790       10.474 1
  3791       10.491 1
  3792       10.508 1
  3793       10.526 1
  3794       10.541 1
  3795       10.555 1
  3796       10.560 1
  3797       10.562 1
  3798       10.553 1
  3799       10.543 1
  3800       10.526 1
  3801       10.507 1
  3802       10.486 1
  3803       10.467 1
  3804       10.449 1
  3805       10.434 1
  3806       10.420 1
  3807       10.409 1
  3808       10.401 1
  3809       10.394 1
  3810       10.388 1
  3811       10.387 1
  3812       10.385 1
  3813       10.387 1
  3814       10.388 1
  3815       10.394 1
  3816       10.399 1
  3817       10.404 1
  3818       10.409 1
  3819       10.411 1
  3820       10.411 1
  3821       10.413 1
  3822       10.413 1
  3823       10.415 1
  3824       10.420 1
  3825       10.425 1
  3826       10.439 1
  3827       10.451 1
  3828       10.468 1
  3829       10.484 1
  3830       10.501 1
  3831       10.517 1
  3832       10.524 1
  3833       10.527 1
  3834       10.524 1
  3835       10.513 1
  3836       10.503 1
  3837       10.484 1
  3838       10.467 1
  3839       10.447 1
  3840       10.428 1
  3841       10.413 1
  3842       10.399 1
  3843       10.387 1
  3844       10.378 1
  3845       10.369 1
  3846       10.362 1
  3847       10.355 1
  3848       10.352 1
  3849       10.347 1
  3850       10.343 1
  3851       10.307 1
  3852       10.309 1
  3853       10.310 1
  3854       10.312 1
  3855       10.312 1
  3856       10.316 1
  3857       10.319 1
  3858       10.321 1
  3859       10.324 1
  3860       10.331 1
  3861       10.338 1
  3862       10.347 1
  3863       10.354 1
  3864       10.362 1
  3865       10.364 1
  3866       10.366 1
  3867       10.366 1
  3868       10.368 1
  3869       10.366 1
  3870       10.364 1
  3871       10.364 1
  3872       10.366 1
  3873       10.369 1
  3874       10.371 1
  3875       10.378 1
  3876       10.387 1
  3877       10.397 1
  3878       10.411 1
  3879       10.427 1
  3880       10.444 1
  3881       10.461 1
  3882       10.477 1
  3883       10.491 1
  3884       10.500 1
  3885       10.505 1
  3886       10.503 1
  3887       10.494 1
  3888       10.482 1
  3889       10.467 1
  3890       10.451 1
  3891       10.432 1
  3892       10.413 1
  3893       10.395 1
  3894       10.378 1
  3895       10.364 1
  3896       10.352 1
  3897       10.345 1
  3898       10.340 1
  3899       10.335 1
  3900       10.333 1
  3901       10.331 1
  3902       10.329 1
  3903       10.328 1
  3904       10.328 1
  3905       10.328 1
  3906       10.328 1
  3907       10.328 1
  3908       10.328 1
  3909       10.328 1
  3910       10.329 1
  3911       10.331 1
  3912       10.333 1
  3913       10.335 1
  3914       10.338 1
  3915       10.342 1
  3916       10.345 1
  3917       10.352 1
  3918       10.357 1
  3919       10.361 1
  3920       10.366 1
  3921       10.369 1
  3922       10.373 1
  3923       10.376 1
  3924       10.378 1
  3925       10.380 1
  3926       10.383 1
  3927       10.385 1
  3928       10.383 1
  3929       10.383 1
  3930       10.380 1
  3931       10.376 1
  3932       10.373 1
  3933       10.369 1
  3934       10.366 1
  3935       10.361 1
  3936       10.357 1
  3937       10.352 1
  3938       10.350 1
  3939       10.347 1
  3940       10.345 1
  3941       10.345 1
  3942       10.345 1
  3943       10.345 1
  3944       10.345 1
  3945       10.343 1
  3946       10.343 1
  3947       10.343 1
  3948       10.343 1
  3949       10.345 1
  3950       10.347 1
  3951       10.350 1
  3952       10.357 1
  3953       10.362 1
  3954       10.371 1
  3955       10.380 1
  3956       10.394 1
  3957       10.409 1
  3958       10.425 1
  3959       10.439 1
  3960       10.460 1
  3961       10.482 1
  3962       10.503 1
  3963       10.522 1
  3964       10.538 1
  3965       10.548 1
  3966       10.555 1
  3967       10.550 1
  3968       10.545 1
  3969       10.531 1
  3970       10.517 1
  3971       10.500 1
  3972       10.480 1
  3973       10.465 1
  3974       10.447 1
  3975       10.435 1
  3976       10.423 1
  3977       10.415 1
  3978       10.406 1
  3979       10.401 1
  3980       10.397 1
  3981       10.394 1
  3982       10.390 1
  3983       10.385 1
  3984       10.387 1
  3985       10.387 1
  3986       10.387 1
  3987       10.385 1
  3988       10.383 1
  3989       10.380 1
  3990       10.376 1
  3991       10.375 1
  3992       10.373 1
  3993       10.371 1
  3994       10.369 1
  3995       10.369 1
  3996       10.369 1
  3997       10.369 1
  3998       10.371 1
  3999       10.373 1
  4000       10.376 1
  4001       10.380 1
  4002       10.383 1
  4003       10.387 1
  4004       10.390 1
  4005       10.392 1
  4006       10.392 1
  4007       10.392 1
  4008       10.390 1
  4009       10.388 1
  4010       10.385 1
  4011       10.383 1
  4012       10.380 1
  4013       10.378 1
  4014       10.378 1
  4015       10.380 1
  4016       10.383 1
  4017       10.390 1
  4018       10.394 1
  4019       10.401 1
  4020       10.406 1
  4021       10.409 1
  4022       10.411 1
  4023       10.411 1
  4024       10.409 1
  4025       10.406 1
  4026       10.401 1
  4027       10.394 1
  4028       10.388 1
  4029       10.383 1
  4030       10.378 1
  4031       10.375 1
  4032       10.373 1
  4033       10.371 1
  4034       10.369 1
  4035       10.369 1
  4036       10.369 1
  4037       10.369 1
  4038       10.369 1
  4039       10.369 1
  4040       10.369 1
  4041       10.369 1
  4042       10.369 1
  4043       10.368 1
  4044       10.368 1
  4045       10.368 1
  4046       10.369 1
  4047       10.369 1
  4048       10.369 1
  4049       10.369 1
  4050       10.369 1
  4051       10.369 1
  4052       10.371 1
  4053       10.373 1
  4054       10.373 1
  4055       10.375 1
  4056       10.376 1
  4057       10.376 1
  4058       10.376 1
  4059       10.376 1
  4060       10.376 1
  4061       10.376 1
  4062       10.378 1
  4063       10.380 1
  4064       10.383 1
  4065       10.385 1
  4066       10.387 1
  4067       10.390 1
  4068       10.390 1
  4069       10.390 1
  4070       10.390 1
  4071       10.388 1
  4072       10.387 1
  4073       10.385 1
  4074       10.385 1
  4075       10.383 1
  4076       10.383 1
  4077       10.383 1
  4078       10.382 1
  4079       10.383 1
  4080       10.383 1
  4081       10.385 1
  4082       10.387 1
  4083       10.390 1
  4084       10.394 1
  4085       10.399 1
  4086       10.406 1
  4087       10.411 1
  4088       10.420 1
  4089       10.430 1
  4090       10.444 1
  4091       10.458 1
  4092       10.477 1
  4093       10.496 1
  4094       10.517 1
  4095       10.534 1
  4096       10.550 1
  4097       10.560 1
  4098       10.567 1
  4099       10.560 1
  4100       10.555 1
  4101       10.541 1
  4102       10.524 1
  4103       10.505 1
  4104       10.484 1
  4105       10.467 1
  4106       10.449 1
  4107       10.437 1
  4108       10.427 1
  4109       10.418 1
  4110       10.413 1
  4111       10.409 1
  4112       10.409 1
  4113       10.409 1
  4114       10.409 1
  4115       10.409 1
  4116       10.409 1
  4117       10.406 1
  4118       10.406 1
  4119       10.406 1
  4120       10.406 1
  4121       10.404 1
  4122       10.402 1
  4123       10.402 1
  4124       10.402 1
  4125       10.402 1
  4126       10.402 1
  4127       10.402 1
  4128       10.404 1
  4129       10.406 1
  4130       10.406 1
  4131       10.409 1
  4132       10.411 1
  4133       10.415 1
  4134       10.420 1
  4135       10.423 1
  4136       10.428 1
  4137       10.434 1
  4138       10.439 1
  4139       10.442 1
  4140       10.444 1
  4141       10.446 1
  4142       10.444 1
  4143       10.442 1
  4144       10.437 1
  4145       10.434 1
  4146       10.430 1
  4147       10.425 1
  4148       10.423 1
  4149       10.421 1
  4150       10.420 1
  4151       10.420 1
  4152       10.418 1
  4153       10.418 1
  4154       10.418 1
  4155       10.418 1
  4156       10.420 1
  4157       10.420 1
  4158       10.420 1
  4159       10.420 1
  4160       10.421 1
  4161       10.423 1
  4162       10.421 1
  4163       10.421 1
  4164       10.421 1
  4165       10.423 1
  4166       10.423 1
  4167       10.421 1
  4168       10.420 1
  4169       10.420 1
  4170       10.418 1
  4171       10.418 1
  4172       10.418 1
  4173       10.416 1
  4174       10.416 1
  4175       10.415 1
  4176       10.413 1
  4177       10.415 1
  4178       10.415 1
  4179       10.416 1
  4180       10.416 1
  4181       10.416 1
  4182       10.418 1
  4183       10.418 1
  4184       10.418 1
  4185       10.418 1
  4186       10.416 1
  4187       10.416 1
  4188       10.416 1
  4189       10.416 1
  4190       10.416 1
  4191       10.416 1
  4192       10.416 1
  4193       10.416 1
  4194       10.415 1
  4195       10.413 1
  4196       10.413 1
  4197       10.415 1
  4198       10.415 1
  4199       10.416 1
  4200       10.416 1
  4201       10.418 1
  4202       10.418 1
  4203       10.418 1
  4204       10.418 1
  4205       10.418 1
  4206       10.416 1
  4207       10.416 1
  4208       10.416 1
  4209       10.416 1
  4210       10.416 1
  4211       10.416 1
  4212       10.415 1
  4213       10.413 1
  4214       10.413 1
  4215       10.413 1
  4216       10.413 1
  4217       10.415 1
  4218       10.415 1
  4219       10.413 1
  4220       10.413 1
  4221       10.415 1
  4222       10.415 1
  4223       10.415 1
  4224       10.415 1
  4225       10.416 1
  4226       10.418 1
  4227       10.418 1
  4228       10.420 1
  4229       10.423 1
  4230       10.425 1
  4231       10.425 1
  4232       10.427 1
  4233       10.428 1
  4234       10.430 1
  4235       10.430 1
  4236       10.432 1
  4237       10.432 1
  4238       10.430 1
  4239       10.430 1
  4240       10.430 1
  4241       10.430 1
  4242       10.430 1
  4243       10.432 1
  4244       10.434 1
  4245       10.435 1
  4246       10.435 1
  4247       10.435 1
  4248       10.437 1
  4249       10.439 1
  4250       10.441 1
  4251       10.442 1
  4252       10.442 1
  4253       10.442 1
  4254       10.442 1
  4255       10.442 1
  4256       10.444 1
  4257       10.444 1
  4258       10.446 1
  4259       10.449 1
  4260       10.449 1
  4261       10.451 1
  4262       10.451 1
  4263       10.451 1
  4264       10.451 1
  4265       10.451 1
  4266       10.449 1
  4267       10.449 1
  4268       10.449 1
  4269       10.449 1
  4270       10.451 1
  4271       10.453 1
  4272       10.454 1
  4273       10.454 1
  4274       10.454 1
  4275       10.456 1
  4276       10.456 1
  4277       10.456 1
  4278       10.456 1
  4279       10.454 1
  4280       10.453 1
  4281       10.453 1
  4282       10.451 1
  4283       10.451 1
  4284       10.451 1
  4285       10.453 1
  4286       10.453 1
  4287       10.453 1
  4288       10.454 1
  4289       10.456 1
  4290       10.456 1
  4291       10.458 1
  4292       10.460 1
  4293       10.460 1
  4294       10.463 1
  4295       10.463 1
  4296       10.465 1
  4297       10.467 1
  4298       10.468 1
  4299       10.468 1
  4300       10.470 1
  4301       10.470 1
  4302       10.470 1
  4303       10.470 1
  4304       10.470 1
  4305       10.470 1
  4306       10.468 1
  4307       10.468 1
  4308       10.468 1
  4309       10.468 1
  4310       10.468 1
  4311       10.467 1
  4312       10.467 1
  4313       10.465 1
  4314       10.463 1
  4315       10.460 1
  4316       10.458 1
  4317       10.456 1
  4318       10.456 1
  4319       10.454 1
  4320       10.454 1
  4321       10.454 1
  4322       10.456 1
  4323       10.458 1
  4324       10.461 1
  4325       10.467 1
  4326       10.472 1
  4327       10.482 1
  4328       10.493 1
  4329       10.508 1
  4330       10.522 1
  4331       10.546 1
  4332       10.569 1
  4333       10.597 1
  4334       10.625 1
  4335       10.644 1
  4336       10.659 1
  4337       10.666 1
  4338       10.663 1
  4339       10.656 1
  4340       10.640 1
  4341       10.623 1
  4342       10.602 1
  4343       10.579 1
  4344       10.560 1
  4345       10.541 1
  4346       10.529 1
  4347       10.515 1
  4348       10.507 1
  4349       10.498 1
  4350       10.491 1
  4351       10.484 1
  4352       10.479 1
  4353       10.475 1
  4354       10.472 1
  4355       10.470 1
  4356       10.468 1
  4357       10.468 1
  4358       10.468 1
  4359       10.468 1
  4360       10.468 1
  4361       10.470 1
  4362       10.472 1
  4363       10.472 1
  4364       10.472 1
  4365       10.472 1
  4366       10.474 1
  4367       10.474 1
  4368       10.472 1
  4369       10.472 1
  4370       10.470 1
  4371       10.470 1
  4372       10.468 1
  4373       10.468 1
  4374       10.468 1
  4375       10.470 1
  4376       10.472 1
  4377       10.475 1
  4378       10.479 1
  4379       10.486 1
  4380       10.493 1
  4381       10.498 1
  4382       10.505 1
  4383       10.508 1
  4384       10.512 1
  4385       10.512 1
  4386       10.510 1
  4387       10.508 1
  4388       10.503 1
  4389       10.496 1
  4390       10.491 1
  4391       10.486 1
  4392       10.482 1
  4393       10.479 1
  4394       10.477 1
  4395       10.475 1
  4396       10.474 1
  4397       10.472 1
  4398       10.472 1
  4399       10.474 1
  4400       10.474 1
  4401       10.475 1
  4402       10.475 1
  4403       10.475 1
  4404       10.475 1
  4405       10.477 1
  4406       10.479 1
  4407       10.482 1
  4408       10.484 1
  4409       10.486 1
  4410       10.491 1
  4411       10.493 1
  4412       10.494 1
  4413       10.496 1
  4414       10.496 1
  4415       10.496 1
  4416       10.496 1
  4417       10.496 1
  4418       10.494 1
  4419       10.494 1
  4420       10.493 1
  4421       10.491 1
  4422       10.493 1
  4423       10.494 1
  4424       10.494 1
  4425       10.496 1
  4426       10.496 1
  4427       10.496 1
  4428       10.498 1
  4429       10.498 1
  4430       10.500 1
  4431       10.501 1
  4432       10.505 1
  4433       10.505 1
  4434       10.507 1
  4435       10.507 1
  4436       10.505 1
  4437       10.505 1
  4438       10.503 1
  4439       10.503 1
  4440       10.501 1
  4441       10.501 1
  4442       10.501 1
  4443       10.501 1
  4444       10.501 1
  4445       10.500 1
  4446       10.498 1
  4447       10.498 1
  4448       10.498 1
  4449       10.498 1
  4450       10.498 1
  4451       10.498 1
  4452       10.498 1
  4453       10.498 1
  4454       10.498 1
  4455       10.498 1
  4456       10.500 1
  4457       10.501 1
  4458       10.503 1
  4459       10.508 1
  4460       10.512 1
  4461       10.520 1
  4462       10.527 1
  4463       10.538 1
  4464       10.548 1
  4465       10.557 1
  4466       10.567 1
  4467       10.572 1
  4468       10.574 1
  4469       10.576 1
  4470       10.571 1
  4471       10.564 1
  4472       10.559 1
  4473       10.552 1
  4474       10.545 1
  4475       10.541 1
  4476       10.536 1
  4477       10.531 1
  4478       10.527 1
  4479       10.526 1
  4480       10.524 1
  4481       10.522 1
  4482       10.522 1
  4483       10.520 1
  4484       10.519 1
  4485       10.519 1
  4486       10.519 1
  4487       10.517 1
  4488       10.517 1
  4489       10.517 1
  4490       10.519 1
  4491       10.519 1
  4492       10.519 1
  4493       10.519 1
  4494       10.519 1
  4495       10.519 1
  4496       10.519 1
  4497       10.520 1
  4498       10.522 1
  4499       10.522 1
  4500       10.524 1
  4501       10.524 1
  4502       10.524 1
  4503       10.524 1
  4504       10.524 1
  4505       10.524 1
  4506       10.526 1
  4507       10.527 1
  4508       10.527 1
  4509       10.526 1
  4510       10.524 1
  4511       10.522 1
  4512       10.520 1
  4513       10.519 1
  4514       10.517 1
  4515       10.517 1
  4516       10.515 1
  4517       10.515 1
  4518       10.513 1
  4519       10.512 1
  4520       10.512 1
  4521       10.512 1
  4522       10.512 1
  4523       10.513 1
  4524       10.515 1
  4525       10.515 1
  4526       10.515 1
  4527       10.515 1
  4528       10.515 1
  4529       10.517 1
  4530       10.517 1
  4531       10.517 1
  4532       10.517 1
  4533       10.517 1
  4534       10.517 1
  4535       10.519 1
  4536       10.520 1
  4537       10.522 1
  4538       10.522 1
  4539       10.522 1
  4540       10.522 1
  4541       10.522 1
  4542       10.522 1
  4543       10.524 1
  4544       10.526 1
  4545       10.529 1
  4546       10.529 1
  4547       10.531 1
  4548       10.531 1
  4549       10.533 1
  4550       10.534 1
  4551       10.534 1
  4552       10.534 1
  4553       10.534 1
  4554       10.536 1
  4555       10.536 1
  4556       10.536 1
  4557       10.536 1
  4558       10.536 1
  4559       10.538 1
  4560       10.538 1
  4561       10.540 1
  4562       10.541 1
  4563       10.541 1
  4564       10.541 1
  4565       10.543 1
  4566       10.543 1
  4567       10.543 1
  4568       10.541 1
  4569       10.541 1
  4570       10.541 1
  4571       10.541 1
  4572       10.541 1
  4573       10.540 1
  4574       10.538 1
  4575       10.536 1
  4576       10.536 1
  4577       10.536 1
  4578       10.534 1
  4579       10.534 1
  4580       10.534 1
  4581       10.534 1
  4582       10.536 1
  4583       10.536 1
  4584       10.538 1
  4585       10.541 1
  4586       10.543 1
  4587       10.545 1
  4588       10.546 1
  4589       10.548 1
  4590       10.550 1
  4591       10.550 1
  4592       10.550 1
  4593       10.550 1
  4594       10.552 1
  4595       10.552 1
  4596       10.552 1
  4597       10.552 1
  4598       10.552 1
  4599       10.552 1
  4600       10.552 1
  4601       10.553 1
  4602       10.553 1
  4603       10.553 1
  4604       10.555 1
  4605       10.555 1
  4606       10.555 1
  4607       10.557 1
  4608       10.557 1
  4609       10.557 1
  4610       10.557 1
  4611       10.557 1
  4612       10.557 1
  4613       10.555 1
  4614       10.555 1
  4615       10.555 1
  4616       10.555 1
  4617       10.555 1
  4618       10.555 1
  4619       10.555 1
  4620       10.552 1
  4621       10.552 1
  4622       10.553 1
  4623       10.555 1
  4624       10.557 1
  4625       10.557 1
  4626       10.560 1
  4627       10.560 1
  4628       10.562 1
  4629       10.562 1
  4630       10.562 1
  4631       10.564 1
  4632       10.564 1
  4633       10.567 1
  4634       10.569 1
  4635       10.571 1
  4636       10.572 1
  4637       10.574 1
  4638       10.578 1
  4639       10.578 1
  4640       10.578 1
  4641       10.578 1
  4642       10.578 1
  4643       10.578 1
  4644       10.579 1
  4645       10.579 1
  4646       10.579 1
  4647       10.579 1
  4648       10.578 1
  4649       10.576 1
  4650       10.574 1
  4651       10.574 1
  4652       10.572 1
  4653       10.571 1
  4654       10.569 1
  4655       10.569 1
  4656       10.569 1
  4657       10.571 1
  4658       10.571 1
  4659       10.571 1
  4660       10.571 1
  4661       10.571 1
  4662       10.569 1
  4663       10.572 1
  4664       10.574 1
  4665       10.574 1
  4666       10.576 1
  4667       10.576 1
  4668       10.576 1
  4669       10.578 1
  4670       10.578 1
  4671       10.578 1
  4672       10.578 1
  4673       10.576 1
  4674       10.574 1
  4675       10.572 1
  4676       10.571 1
  4677       10.571 1
  4678       10.572 1
  4679       10.576 1
  4680       10.574 1
  4681       10.574 1
  4682       10.574 1
  4683       10.574 1
  4684       10.574 1
  4685       10.572 1
  4686       10.571 1
  4687       10.569 1
  4688       10.569 1
  4689       10.569 1
  4690       10.569 1
  4691       10.571 1
  4692       10.574 1
  4693       10.574 1
  4694       10.574 1
  4695       10.576 1
  4696       10.581 1
  4697       10.583 1
  4698       10.583 1
  4699       10.583 1
  4700       10.578 1
  4702       10.583 1
  4704       10.585 1
  4706       10.585 1
  4708       10.586 1
  4710       10.586 1
  4712       10.586 1
  4714       10.586 1
  4716       10.586 1
  4718       10.586 1
  4720       10.586 1
  4722       10.588 1
  4724       10.586 1
  4726       10.586 1
  4728       10.586 1
  4730       10.585 1
  4732       10.585 1
  4734       10.585 1
  4736       10.585 1
  4738       10.585 1
  4740       10.586 1
  4742       10.588 1
  4744       10.590 1
  4746       10.592 1
  4748       10.593 1
  4750       10.595 1
  4752       10.595 1
  4754       10.595 1
  4756       10.595 1
  4758       10.593 1
  4760       10.593 1
  4762       10.593 1
  4764       10.593 1
  4766       10.593 1
  4768       10.593 1
  4770       10.593 1
  4772       10.595 1
  4774       10.595 1
  4776       10.595 1
  4778       10.595 1
  4780       10.595 1
  4782       10.595 1
  4784       10.597 1
  4786       10.597 1
  4788       10.597 1
  4790       10.599 1
  4792       10.600 1
  4794       10.600 1
  4796       10.600 1
  4798       10.600 1
  4800       10.600 1
  4802       10.602 1
  4804       10.602 1
  4806       10.602 1
  4808       10.604 1
  4810       10.604 1
  4812       10.605 1
  4814       10.607 1
  4816       10.607 1
  4818       10.609 1
  4820       10.609 1
  4822       10.609 1
  4824       10.609 1
  4826       10.609 1
  4828       10.607 1
  4830       10.607 1
  4832       10.605 1
  4834       10.604 1
  4836       10.602 1
  4838       10.604 1
  4840       10.607 1
  4842       10.609 1
  4844       10.614 1
  4846       10.621 1
  4848       10.628 1
  4850       10.637 1
  4852       10.644 1
  4854       10.652 1
  4856       10.659 1
  4858       10.666 1
  4860       10.671 1
  4862       10.673 1
  4864       10.673 1
  4866       10.671 1
  4868       10.666 1
  4870       10.659 1
  4872       10.652 1
  4874       10.644 1
  4876       10.635 1
  4878       10.628 1
  4880       10.621 1
  4882       10.616 1
  4884       10.611 1
  4886       10.609 1
  4888       10.607 1
  4890       10.607 1
  4892       10.607 1
  4894       10.609 1
  4896       10.611 1
  4898       10.614 1
  4900       10.616 1
  4902       10.619 1
  4904       10.621 1
  4906       10.625 1
  4908       10.628 1
  4910       10.632 1
  4912       10.635 1
  4914       10.640 1
  4916       10.642 1
  4918       10.645 1
  4920       10.649 1
  4922       10.649 1
  4924       10.651 1
  4926       10.652 1
  4928       10.651 1
  4930       10.649 1
  4932       10.649 1
  4934       10.649 1
  4936       10.647 1
  4938       10.647 1
  4940       10.647 1
  4942       10.647 1
  4944       10.645 1
  4946       10.645 1
  4948       10.645 1
  4950       10.645 1
  4952       10.645 1
  4954       10.645 1
  4956       10.645 1
  4958       10.647 1
  4960       10.647 1
  4962       10.647 1
  4964       10.647 1
  4966       10.649 1
  4968       10.649 1
  4970       10.649 1
  4972       10.649 1
  4974       10.651 1
  4976       10.651 1
  4978       10.652 1
  4980       10.652 1
  4982       10.652 1
  4984       10.652 1
  4986       10.654 1
  4988       10.654 1
  4990       10.656 1
  4992       10.656 1
  4994       10.659 1
  4996       10.659 1
  4998       10.661 1
  5000       10.663 1
  5002       10.666 1
  5004       10.666 1
  5006       10.668 1
  5008       10.668 1
  5010       10.670 1
  5012       10.670 1
  5014       10.670 1
  5016       10.670 1
  5018       10.670 1
  5020       10.670 1
  5022       10.670 1
  5024       10.670 1
  5026       10.670 1
  5028       10.670 1
  5030       10.670 1
  5032       10.671 1
  5034       10.671 1
  5036       10.673 1
  5038       10.673 1
  5040       10.675 1
  5042       10.675 1
  5044       10.675 1
  5046       10.677 1
  5048       10.677 1
  5050       10.677 1
  5052       10.677 1
  5054       10.677 1
  5056       10.677 1
  5058       10.677 1
  5060       10.677 1
  5062       10.677 1
  5064       10.677 1
  5066       10.677 1
  5068       10.677 1
  5070       10.677 1
  5072       10.677 1
  5074       10.677 1
  5076       10.677 1
  5078       10.677 1
  5080       10.678 1
  5082       10.678 1
  5084       10.678 1
  5086       10.678 1
  5088       10.680 1
  5090       10.680 1
  5092       10.680 1
  5094       10.680 1
  5096       10.682 1
  5098       10.682 1
  5100       10.682 1
  5102       10.682 1
  5104       10.684 1
  5106       10.685 1
  5108       10.685 1
  5110       10.685 1
  5112       10.685 1
  5114       10.685 1
  5116       10.687 1
  5118       10.687 1
  5120       10.687 1
  5122       10.687 1
  5124       10.687 1
  5126       10.687 1
  5128       10.687 1
  5130       10.687 1
  5132       10.689 1
  5134       10.689 1
  5136       10.689 1
  5138       10.689 1
  5140       10.689 1
  5142       10.689 1
  5144       10.689 1
  5146       10.689 1
  5148       10.689 1
  5150       10.690 1
  5152       10.690 1
  5154       10.690 1
  5156       10.690 1
  5158       10.691 1
  5160       10.691 1
  5162       10.691 1
  5164       10.692 1
  5166       10.692 1
  5168       10.692 1
  5170       10.693 1
  5172       10.693 1
  5174       10.693 1
  5176       10.694 1
  5178       10.694 1
  5180       10.695 1
  5182       10.695 1
  5184       10.696 1
  5186       10.696 1
  5188       10.697 1
  5190       10.697 1
  5192       10.698 1
  5194       10.698 1
  5196       10.699 1
  5198       10.699 1
  5200       10.700 1
  5202       10.700 1
  5204       10.701 1
  5206       10.702 1
  5208       10.702 1
  5210       10.703 1
  5212       10.701 1
  5214       10.703 1
  5216       10.704 1
  5218       10.706 1
  5220       10.706 1
  5222       10.708 1
  5224       10.708 1
  5226       10.710 1
  5228       10.710 1
  5230       10.710 1
  5232       10.711 1
  5234       10.711 1
  5236       10.713 1
  5238       10.713 1
  5240       10.715 1
  5242       10.715 1
  5244       10.717 1
  5246       10.718 1
  5248       10.718 1
  5250       10.718 1
  5252       10.718 1
  5254       10.718 1
  5256       10.718 1
  5258       10.718 1
  5260       10.718 1
  5262       10.717 1
  5264       10.717 1
  5266       10.718 1
  5268       10.718 1
  5270       10.718 1
  5272       10.720 1
  5274       10.722 1
  5276       10.724 1
  5278       10.725 1
  5280       10.727 1
  5282       10.729 1
  5284       10.729 1
  5286       10.732 1
  5288       10.732 1
  5290       10.734 1
  5292       10.734 1
  5294       10.736 1
  5296       10.736 1
  5298       10.736 1
  5300       10.737 1
  5302       10.739 1
  5304       10.739 1
  5306       10.739 1
  5308       10.739 1
  5310       10.739 1
  5312       10.739 1
  5314       10.739 1
  5316       10.739 1
  5318       10.739 1
  5320       10.739 1
  5322       10.741 1
  5324       10.741 1
  5326       10.741 1
  5328       10.741 1
  5330       10.743 1
  5332       10.744 1
  5334       10.744 1
  5336       10.744 1
  5338       10.746 1
  5340       10.746 1
  5342       10.748 1
  5344       10.748 1
  5346       10.748 1
  5348       10.750 1
  5350       10.751 1
  5352       10.751 1
  5354       10.751 1
  5356       10.753 1
  5358       10.753 1
  5360       10.753 1
  5362       10.753 1
  5364       10.753 1
  5366       10.753 1
  5368       10.755 1
  5370       10.755 1
  5372       10.755 1
  5374       10.755 1
  5376       10.755 1
  5378       10.757 1
  5380       10.757 1
  5382       10.758 1
  5384       10.758 1
  5386       10.758 1
  5388       10.758 1
  5390       10.758 1
  5392       10.760 1
  5394       10.760 1
  5396       10.760 1
  5398       10.760 1
  5400       10.760 1
  5402       10.760 1
  5404       10.760 1
  5406       10.762 1
  5408       10.762 1
  5410       10.762 1
  5412       10.763 1
  5414       10.763 1
  5416       10.765 1
  5418       10.765 1
  5420       10.765 1
  5422       10.765 1
  5424       10.767 1
  5426       10.767 1
  5428       10.767 1
  5430       10.769 1
  5432       10.769 1
  5434       10.770 1
  5436       10.770 1
  5438       10.772 1
  5440       10.772 1
  5442       10.772 1
  5444       10.774 1
  5446       10.774 1
  5448       10.774 1
  5450       10.774 1
  5452       10.776 1
  5454       10.776 1
  5456       10.777 1
  5458       10.777 1
  5460       10.779 1
  5462       10.779 1
  5464       10.781 1
  5466       10.781 1
  5468       10.781 1
  5470       10.783 1
  5472       10.783 1
  5474       10.783 1
  5476       10.784 1
  5478       10.784 1
  5480       10.784 1
  5482       10.784 1
  5484       10.786 1
  5486       10.786 1
  5488       10.786 1
  5490       10.786 1
  5492       10.788 1
  5494       10.788 1
  5496       10.788 1
  5498       10.790 1
  5500       10.791 1
  5502       10.791 1
  5504       10.791 1
  5506       10.793 1
  5508       10.793 1
  5510       10.793 1
  5512       10.793 1
  5514       10.793 1
  5516       10.795 1
  5518       10.795 1
  5520       10.795 1
  5522       10.795 1
  5524       10.796 1
  5526       10.796 1
  5528       10.798 1
  5530       10.798 1
  5532       10.798 1
  5534       10.800 1
  5536       10.800 1
  5538       10.800 1
  5540       10.802 1
  5542       10.802 1
  5544       10.802 1
  5546       10.803 1
  5548       10.803 1
  5550       10.805 1
  5552       10.805 1
  5554       10.805 1
  5556       10.805 1
  5558       10.805 1
  5560       10.805 1
  5562       10.805 1
  5564       10.805 1
  5566       10.805 1
  5568       10.805 1
  5570       10.805 1
  5572       10.805 1
  5574       10.805 1
  5576       10.805 1
  5578       10.805 1
  5580       10.805 1
  5582       10.805 1
  5584       10.805 1
  5586       10.805 1
  5588       10.805 1
  5590       10.805 1
  5592       10.807 1
  5594       10.807 1
  5596       10.809 1
  5598       10.810 1
  5600       10.810 1
  5602       10.812 1
  5604       10.812 1
  5606       10.814 1
  5608       10.814 1
  5610       10.814 1
  5612       10.816 1
  5614       10.817 1
  5616       10.817 1
  5618       10.819 1
  5620       10.819 1
  5622       10.819 1
  5624       10.821 1
  5626       10.821 1
  5628       10.822 1
  5630       10.824 1
  5632       10.826 1
  5634       10.826 1
  5636       10.828 1
  5638       10.828 1
  5640       10.828 1
  5642       10.829 1
  5644       10.829 1
  5646       10.829 1
  5648       10.829 1
  5650       10.831 1
  5652       10.831 1
  5654       10.831 1
  5656       10.831 1
  5658       10.833 1
  5660       10.833 1
  5662       10.835 1
  5664       10.836 1
  5666       10.838 1
  5668       10.838 1
  5670       10.840 1
  5672       10.842 1
  5674       10.843 1
  5676       10.843 1
  5678       10.843 1
  5680       10.845 1
  5682       10.845 1
  5684       10.845 1
  5686       10.845 1
  5688       10.845 1
  5690       10.845 1
  5692       10.845 1
  5694       10.845 1
  5696       10.843 1
  5698       10.845 1
  5700       10.845 1
  5702       10.845 1
  5704       10.845 1
  5706       10.845 1
  5708       10.845 1
  5710       10.847 1
  5712       10.847 1
  5714       10.847 1
  5716       10.847 1
  5718       10.849 1
  5720       10.849 1
  5722       10.850 1
  5724       10.850 1
  5726       10.852 1
  5728       10.852 1
  5730       10.852 1
  5732       10.854 1
  5734       10.854 1
  5736       10.854 1
  5738       10.854 1
  5740       10.855 1
  5742       10.855 1
  5744       10.857 1
  5746       10.857 1
  5748       10.857 1
  5750       10.857 1
  5752       10.857 1
  5754       10.857 1
  5756       10.857 1
  5758       10.857 1
  5760       10.857 1
  5762       10.857 1
  5764       10.859 1
  5766       10.859 1
  5768       10.859 1
  5770       10.859 1
  5772       10.861 1
  5774       10.861 1
  5776       10.861 1
  5778       10.862 1
  5780       10.862 1
  5782       10.864 1
  5784       10.864 1
  5786       10.864 1
  5788       10.864 1
  5790       10.864 1
  5792       10.864 1
  5794       10.866 1
  5796       10.866 1
  5798       10.866 1
  5800       10.866 1
  5802       10.868 1
  5804       10.868 1
  5806       10.869 1
  5808       10.869 1
  5810       10.869 1
  5812       10.869 1
  5814       10.871 1
  5816       10.871 1
  5818       10.871 1
  5820       10.873 1
  5822       10.873 1
  5824       10.873 1
  5826       10.875 1
  5828       10.875 1
  5830       10.876 1
  5832       10.876 1
  5834       10.876 1
  5836       10.878 1
  5838       10.878 1
  5840       10.878 1
  5842       10.880 1
  5844       10.880 1
  5846       10.880 1
  5848       10.880 1
  5850       10.880 1
  5852       10.880 1
  5854       10.882 1
  5856       10.883 1
  5858       10.885 1
  5860       10.887 1
  5862       10.890 1
  5864       10.892 1
  5866       10.895 1
  5868       10.899 1
  5870       10.902 1
  5872       10.904 1
  5874       10.906 1
  5876       10.908 1
  5878       10.909 1
  5880       10.908 1
  5882       10.906 1
  5884       10.906 1
  5886       10.902 1
  5888       10.901 1
  5890       10.899 1
  5892       10.897 1
  5894       10.895 1
  5896       10.894 1
  5898       10.892 1
  5900       10.892 1
  5902       10.892 1
  5904       10.890 1
  5906       10.890 1
  5908       10.890 1
  5910       10.892 1
  5912       10.892 1
  5914       10.892 1
  5916       10.894 1
  5918       10.894 1
  5920       10.894 1
  5922       10.895 1
  5924       10.897 1
  5926       10.897 1
  5928       10.899 1
  5930       10.899 1
  5932       10.901 1
  5934       10.902 1
  5936       10.902 1
  5938       10.904 1
  5940       10.904 1
  5942       10.906 1
  5944       10.906 1
  5946       10.906 1
  5948       10.906 1
  5950       10.906 1
  5952       10.906 1
  5954       10.904 1
  5956       10.904 1
  5958       10.904 1
  5960       10.906 1
  5962       10.906 1
  5964       10.906 1
  5966       10.906 1
  5968       10.908 1
  5970       10.908 1
  5972       10.909 1
  5974       10.909 1
  5976       10.909 1
  5978       10.909 1
  5980       10.909 1
  5982       10.911 1
  5984       10.911 1
  5986       10.911 1
  5988       10.913 1
  5990       10.913 1
  5992       10.913 1
  5994       10.913 1
  5996       10.913 1
  5998       10.913 1
  6000       10.913 1
  6002       10.913 1
  6004       10.913 1
  6006       10.913 1
  6008       10.913 1
  6010       10.913 1
  6012       10.915 1
  6014       10.916 1
  6016       10.916 1
  6018       10.916 1
  6020       10.918 1
  6022       10.918 1
  6024       10.920 1
  6026       10.920 1
  6028       10.920 1
  6030       10.921 1
  6032       10.921 1
  6034       10.921 1
  6036       10.923 1
  6038       10.923 1
  6040       10.923 1
  6042       10.923 1
  6044       10.923 1
  6046       10.923 1
  6048       10.925 1
  6050       10.925 1
  6052       10.925 1
  6054       10.925 1
  6056       10.927 1
  6058       10.927 1
  6060       10.927 1
  6062       10.927 1
  6064       10.928 1
  6066       10.928 1
  6068       10.930 1
  6070       10.930 1
  6072       10.930 1
  6074       10.930 1
  6076       10.930 1
  6078       10.932 1
  6080       10.932 1
  6082       10.932 1
  6084       10.932 1
  6086       10.932 1
  6088       10.932 1
  6090       10.934 1
  6092       10.934 1
  6094       10.935 1
  6096       10.935 1
  6098       10.935 1
  6100       10.937 1
  6102       10.937 1
  6104       10.937 1
  6106       10.937 1
  6108       10.937 1
  6110       10.937 1
  6112       10.939 1
  6114       10.939 1
  6116       10.939 1
  6118       10.939 1
  6120       10.939 1
  6122       10.939 1
  6124       10.939 1
  6126       10.941 1
  6128       10.941 1
  6130       10.942 1
  6132       10.942 1
  6134       10.942 1
  6136       10.942 1
  6138       10.942 1
  6140       10.944 1
  6142       10.944 1
  6144       10.946 1
  6146       10.946 1
  6148       10.946 1
  6150       10.946 1
  6152       10.947 1
  6154       10.947 1
  6156       10.947 1
  6158       10.949 1
  6160       10.949 1
  6162       10.949 1
  6164       10.949 1
  6166       10.949 1
  6168       10.949 1
  6170       10.951 1
  6172       10.951 1
  6174       10.953 1
  6176       10.953 1
  6178       10.954 1
  6180       10.956 1
  6182       10.956 1
  6184       10.956 1
  6186       10.958 1
  6188       10.958 1
  6190       10.958 1
  6192       10.960 1
  6194       10.960 1
  6196       10.960 1
  6198       10.960 1
  6200       10.960 1
  6202       10.961 1
  6204       10.961 1
  6206       10.961 1
  6208       10.963 1
  6210       10.963 1
  6212       10.963 1
  6214       10.963 1
  6216       10.963 1
  6218       10.965 1
  6220       10.965 1
  6222       10.965 1
  6224       10.967 1
  6226       10.967 1
  6228       10.968 1
  6230       10.968 1
  6232       10.968 1
  6234       10.968 1
  6236       10.968 1
  6238       10.970 1
  6240       10.970 1
  6242       10.970 1
  6244       10.970 1
  6246       10.970 1
  6248       10.970 1
  6250       10.970 1
  6252       10.972 1
  6254       10.972 1
  6256       10.972 1
  6258       10.974 1
  6260       10.975 1
  6262       10.975 1
  6264       10.977 1
  6266       10.979 1
  6268       10.979 1
  6270       10.982 1
  6272       10.982 1
  6274       10.984 1
  6276       10.986 1
  6278       10.986 1
  6280       10.986 1
  6282       10.986 1
  6284       10.986 1
  6286       10.986 1
  6288       10.984 1
  6290       10.984 1
  6292       10.984 1
  6294       10.982 1
  6296       10.982 1
  6298       10.982 1
  6300       10.984 1
  6302       10.984 1
  6304       10.984 1
  6306       10.986 1
  6308       10.986 1
  6310       10.987 1
  6312       10.987 1
  6314       10.989 1
  6316       10.989 1
  6318       10.989 1
  6320       10.991 1
  6322       10.991 1
  6324       10.991 1
  6326       10.991 1
  6328       10.991 1
  6330       10.991 1
  6332       10.991 1
  6334       10.991 1
  6336       10.991 1
  6338       10.991 1
  6340       10.991 1
  6342       10.991 1
  6344       10.991 1
  6346       10.993 1
  6348       10.993 1
  6350       10.994 1
  6352       10.994 1
  6354       10.996 1
  6356       10.996 1
  6358       10.996 1
  6360       10.998 1
  6362       10.998 1
  6364       11.000 1
  6366       11.000 1
  6368       11.000 1
  6370       11.001 1
  6372       11.001 1
  6374       11.001 1
  6376       11.001 1
  6378       11.003 1
  6380       11.003 1
  6382       11.003 1
  6384       11.003 1
  6386       11.003 1
  6388       11.003 1
  6390       11.005 1
  6392       11.005 1
  6394       11.005 1
  6396       11.007 1
  6398       11.008 1
  6400       11.008 1
  6402       11.008 1
  6404       11.008 1
  6406       11.008 1
  6408       11.008 1
  6410       11.008 1
  6412       11.008 1
  6414       11.008 1
  6416       11.008 1
  6418       11.008 1
  6420       11.010 1
  6422       11.010 1
  6424       11.010 1
  6426       11.010 1
  6428       11.010 1
  6430       11.010 1
  6432       11.010 1
  6434       11.010 1
  6436       11.010 1
  6438       11.010 1
  6440       11.012 1
  6442       11.012 1
  6444       11.012 1
  6446       11.013 1
  6448       11.013 1
  6450       11.015 1
  6452       11.015 1
  6454       11.015 1
  6456       11.017 1
  6458       11.017 1
  6460       11.019 1
  6462       11.019 1
  6464       11.019 1
  6466       11.020 1
  6468       11.020 1
  6470       11.022 1
  6472       11.022 1
  6474       11.022 1
  6476       11.022 1
  6478       11.024 1
  6480       11.024 1
  6482       11.024 1
  6484       11.024 1
  6486       11.024 1
  6488       11.024 1
  6490       11.024 1
  6492       11.024 1
  6494       11.024 1
  6496       11.027 1
  6498       11.027 1
  6500       11.029 1
  6502       11.031 1
  6504       11.034 1
  6506       11.036 1
  6508       11.038 1
  6510       11.038 1
  6512       11.041 1
  6514       11.041 1
  6516       11.043 1
  6518       11.043 1
  6520       11.043 1
  6522       11.043 1
  6524       11.043 1
  6526       11.041 1
  6528       11.041 1
  6530       11.040 1
  6532       11.038 1
  6534       11.038 1
  6536       11.036 1
  6538       11.036 1
  6540       11.036 1
  6542       11.036 1
  6544       11.036 1
  6546       11.040 1
  6548       11.041 1
  6550       11.045 1
  6552       11.048 1
  6554       11.052 1
  6556       11.057 1
  6558       11.060 1
  6560       11.062 1
  6562       11.064 1
  6564       11.064 1
  6566       11.062 1
  6568       11.062 1
  6570       11.059 1
  6572       11.055 1
  6574       11.053 1
  6576       11.052 1
  6578       11.050 1
  6580       11.050 1
  6582       11.050 1
  6584       11.050 1
  6586       11.052 1
  6588       11.053 1
  6590       11.055 1
  6592       11.057 1
  6594       11.059 1
  6596       11.060 1
  6598       11.062 1
  6600       11.064 1
  6602       11.064 1
  6604       11.066 1
  6606       11.066 1
  6608       11.066 1
  6610       11.066 1
  6612       11.064 1
  6614       11.064 1
  6616       11.064 1
  6618       11.064 1
  6620       11.064 1
  6622       11.064 1
  6624       11.064 1
  6626       11.064 1
  6628       11.064 1
  6630       11.064 1
  6632       11.066 1
  6634       11.066 1
  6636       11.067 1
  6638       11.067 1
  6640       11.067 1
  6642       11.067 1
  6644       11.067 1
  6646       11.067 1
  6648       11.067 1
  6650       11.069 1
  6652       11.069 1
  6654       11.069 1
  6656       11.071 1
  6658       11.071 1
  6660       11.074 1
  6662       11.076 1
  6664       11.078 1
  6666       11.081 1
  6668       11.085 1
  6670       11.090 1
  6672       11.093 1
  6674       11.095 1
  6676       11.097 1
  6678       11.097 1
  6680       11.097 1
  6682       11.095 1
  6684       11.095 1
  6686       11.092 1
  6688       11.088 1
  6690       11.086 1
  6692       11.085 1
  6694       11.083 1
  6696       11.081 1
  6698       11.078 1
  6700       11.078 1
  6702       11.076 1
  6704       11.076 1
  6706       11.074 1
  6708       11.074 1
  6710       11.074 1
  6712       11.074 1
  6714       11.074 1
  6716       11.076 1
  6718       11.076 1
  6720       11.076 1
  6722       11.078 1
  6724       11.078 1
  6726       11.078 1
  6728       11.079 1
  6730       11.081 1
  6732       11.081 1
  6734       11.081 1
  6736       11.083 1
  6738       11.083 1
  6740       11.083 1
  6742       11.085 1
  6744       11.085 1
  6746       11.085 1
  6748       11.086 1
  6750       11.086 1
  6752       11.088 1
  6754       11.088 1
  6756       11.088 1
  6758       11.088 1
  6760       11.090 1
  6762       11.090 1
  6764       11.090 1
  6766       11.090 1
  6768       11.092 1
  6770       11.093 1
  6772       11.093 1
  6774       11.093 1
  6776       11.095 1
  6778       11.095 1
  6780       11.095 1
  6782       11.095 1
  6784       11.095 1
  6786       11.097 1
  6788       11.097 1
  6790       11.097 1
  6792       11.097 1
  6794       11.097 1
  6796       11.097 1
  6798       11.097 1
  6800       11.097 1
  6802       11.097 1
  6804       11.097 1
  6806       11.097 1
  6808       11.099 1
  6810       11.099 1
  6812       11.100 1
  6814       11.100 1
  6816       11.100 1
  6818       11.100 1
  6820       11.100 1
  6822       11.102 1
  6824       11.102 1
  6826       11.102 1
  6828       11.104 1
  6830       11.104 1
  6832       11.104 1
  6834       11.104 1
  6836       11.104 1
  6838       11.104 1
  6840       11.104 1
  6842       11.104 1
  6844       11.102 1
  6846       11.105 1
  6848       11.106 1
  6850       11.106 1
  6852       11.106 1
  6854       11.107 1
  6856       11.107 1
  6858       11.107 1
  6860       11.107 1
  6862       11.108 1
  6864       11.108 1
  6866       11.108 1
  6868       11.109 1
  6870       11.109 1
  6872       11.109 1
  6874       11.110 1
  6876       11.110 1
  6878       11.110 1
  6880       11.111 1
  6882       11.111 1
  6884       11.111 1
  6886       11.112 1
  6888       11.112 1
  6890       11.112 1
  6892       11.113 1
  6894       11.113 1
  6896       11.114 1
  6898       11.114 1
  6900       11.114 1
  6902       11.115 1
  6904       11.115 1
  6906       11.115 1
  6908       11.116 1
  6910       11.116 1
  6912       11.116 1
  6914       11.117 1
  6916       11.117 1
  6918       11.117 1
  6920       11.118 1
  6922       11.118 1
  6924       11.119 1
  6926       11.119 1
  6928       11.119 1
  6930       11.120 1
  6932       11.120 1
  6934       11.120 1
  6936       11.121 1
  6938       11.121 1
  6940       11.122 1
  6942       11.122 1
  6944       11.122 1
  6946       11.123 1
  6948       11.123 1
  6950       11.124 1
  6952       11.126 1
  6954       11.126 1
  6956       11.126 1
  6958       11.126 1
  6960       11.126 1
  6962       11.126 1
  6964       11.126 1
  6966       11.126 1
  6968       11.126 1
  6970       11.126 1
  6972       11.128 1
  6974       11.130 1
  6976       11.130 1
  6978       11.133 1
  6980       11.135 1
  6982       11.137 1
  6984       11.137 1
  6986       11.140 1
  6988       11.140 1
  6990       11.140 1
  6992       11.140 1
  6994       11.140 1
  6996       11.140 1
  6998       11.140 1
  7000       11.140 1
  7002       11.140 1
  7004       11.140 1
  7006       11.140 1
  7008       11.140 1
  7010       11.140 1
  7012       11.140 1
  7014       11.140 1
  7016       11.140 1
  7018       11.140 1
  7020       11.140 1
  7022       11.140 1
  7024       11.140 1
  7026       11.140 1
  7028       11.140 1
  7030       11.140 1
  7032       11.140 1
  7034       11.140 1
  7036       11.140 1
  7038       11.142 1
  7040       11.144 1
  7042       11.144 1
  7044       11.145 1
  7046       11.147 1
  7048       11.149 1
  7050       11.152 1
  7052       11.154 1
  7054       11.156 1
  7056       11.156 1
  7058       11.159 1
  7060       11.159 1
  7062       11.161 1
  7064       11.161 1
  7066       11.161 1
  7068       11.161 1
  7070       11.161 1
  7072       11.161 1
  7074       11.159 1
  7076       11.159 1
  7078       11.158 1
  7080       11.158 1
  7082       11.156 1
  7084       11.156 1
  7086       11.156 1
  7088       11.154 1
  7090       11.154 1
  7092       11.154 1
  7094       11.154 1
  7096       11.154 1
  7098       11.154 1
  7100       11.154 1
  7102       11.154 1
  7104       11.156 1
  7106       11.156 1
  7108       11.156 1
  7110       11.158 1
  7112       11.158 1
  7114       11.159 1
  7116       11.159 1
  7118       11.161 1
  7120       11.163 1
  7122       11.163 1
  7124       11.163 1
  7126       11.165 1
  7128       11.165 1
  7130       11.166 1
  7132       11.166 1
  7134       11.166 1
  7136       11.166 1
  7138       11.165 1
  7140       11.165 1
  7142       11.165 1
  7144       11.165 1
  7146       11.165 1
  7148       11.165 1
  7150       11.166 1
  7152       11.166 1
  7154       11.168 1
  7156       11.170 1
  7158       11.173 1
  7160       11.175 1
  7162       11.177 1
  7164       11.178 1
  7166       11.180 1
  7168       11.182 1
  7170       11.182 1
  7172       11.184 1
  7174       11.184 1
  7176       11.185 1
  7178       11.184 1
  7180       11.184 1
  7182       11.184 1
  7184       11.182 1
  7186       11.182 1
  7188       11.180 1
  7190       11.180 1
  7192       11.177 1
  7194       11.175 1
  7196       11.173 1
  7198       11.170 1
  7200       11.168 1
  7202       11.166 1
  7204       11.165 1
  7206       11.163 1
  7208       11.163 1
  7210       11.163 1
  7212       11.163 1
  7214       11.166 1
  7216       11.168 1
  7218       11.171 1
  7220       11.175 1
  7222       11.177 1
  7224       11.182 1
  7226       11.185 1
  7228       11.187 1
  7230       11.191 1
  7232       11.192 1
  7234       11.194 1
  7236       11.194 1
  7238       11.194 1
  7240       11.194 1
  7242       11.192 1
  7244       11.192 1
  7246       11.191 1
  7248       11.189 1
  7250       11.189 1
  7252       11.189 1
  7254       11.189 1
  7256       11.189 1
  7258       11.189 1
  7260       11.189 1
  7262       11.191 1
  7264       11.192 1
  7266       11.192 1
  7268       11.194 1
  7270       11.196 1
  7272       11.199 1
  7274       11.199 1
  7276       11.201 1
  7278       11.203 1
  7280       11.203 1
  7282       11.204 1
  7284       11.206 1
  7286       11.206 1
  7288       11.206 1
  7290       11.206 1
  7292       11.208 1
  7294       11.208 1
  7296       11.208 1
  7298       11.208 1
  7300       11.208 1
  7302       11.206 1
  7304       11.206 1
  7306       11.204 1
  7308       11.203 1
  7310       11.201 1
  7312       11.199 1
  7314       11.197 1
  7316       11.196 1
  7318       11.196 1
  7320       11.194 1
  7322       11.194 1
  7324       11.194 1
  7326       11.194 1
  7328       11.196 1
  7330       11.196 1
  7332       11.199 1
  7334       11.199 1
  7336       11.201 1
  7338       11.203 1
  7340       11.206 1
  7342       11.208 1
  7344       11.210 1
  7346       11.210 1
  7348       11.211 1
  7350       11.213 1
  7352       11.215 1
  7354       11.215 1
  7356       11.215 1
  7358       11.215 1
  7360       11.215 1
  7362       11.215 1
  7364       11.215 1
  7366       11.215 1
  7368       11.215 1
  7370       11.213 1
  7372       11.213 1
  7374       11.213 1
  7376       11.213 1
  7378       11.213 1
  7380       11.215 1
  7382       11.215 1
  7384       11.215 1
  7386       11.215 1
  7388       11.217 1
  7390       11.217 1
  7392       11.217 1
  7394       11.217 1
  7396       11.217 1
  7398       11.218 1
  7400       11.218 1
  7402       11.218 1
  7404       11.218 1
  7406       11.218 1
  7408       11.220 1
  7410       11.220 1
  7412       11.222 1
  7414       11.222 1
  7416       11.224 1
  7418       11.225 1
  7420       11.225 1
  7422       11.225 1
  7424       11.227 1
  7426       11.227 1
  7428       11.227 1
  7430       11.227 1
  7432       11.227 1
  7434       11.227 1
  7436       11.225 1
  7438       11.225 1
  7440       11.225 1
  7442       11.225 1
  7444       11.225 1
  7446       11.227 1
  7448       11.227 1
  7450       11.227 1
  7452       11.227 1
  7454       11.229 1
  7456       11.229 1
  7458       11.229 1
  7460       11.230 1
  7462       11.232 1
  7464       11.232 1
  7466       11.232 1
  7468       11.234 1
  7470       11.234 1
  7472       11.236 1
  7474       11.236 1
  7476       11.236 1
  7478       11.236 1
  7480       11.236 1
  7482       11.237 1
  7484       11.237 1
  7486       11.237 1
  7488       11.239 1
  7490       11.239 1
  7492       11.239 1
  7494       11.239 1
  7496       11.241 1
  7498       11.241 1
  7500       11.241 1
  7502       11.241 1
  7504       11.241 1
  7506       11.241 1
  7508       11.241 1
  7510       11.241 1
  7512       11.243 1
  7514       11.243 1
  7516       11.244 1
  7518       11.244 1
  7520       11.244 1
  7522       11.246 1
  7524       11.246 1
  7526       11.248 1
  7528       11.248 1
  7530       11.250 1
  7532       11.250 1
  7534       11.251 1
  7536       11.251 1
  7538       11.251 1
  7540       11.253 1
  7542       11.253 1
  7544       11.253 1
  7546       11.253 1
  7548       11.253 1
  7550       11.254 1
  7552       11.255 1
  7554       11.255 1
  7556       11.255 1
  7558       11.256 1
  7560       11.256 1
  7562       11.257 1
  7564       11.257 1
  7566       11.258 1
  7568       11.258 1
  7570       11.259 1
  7572       11.259 1
  7574       11.259 1
  7576       11.260 1
  7578       11.260 1
  7580       11.261 1
  7582       11.261 1
  7584       11.262 1
  7586       11.262 1
  7588       11.262 1
  7590       11.263 1
  7592       11.263 1
  7594       11.264 1
  7596       11.264 1
  7598       11.264 1
  7600       11.265 1
  7602       11.265 1
  7604       11.266 1
  7606       11.266 1
  7608       11.266 1
  7610       11.267 1
  7612       11.267 1
  7614       11.268 1
  7616       11.268 1
  7618       11.268 1
  7620       11.269 1
  7622       11.269 1
  7624       11.269 1
  7626       11.270 1
  7628       11.270 1
  7630       11.270 1
  7632       11.271 1
  7634       11.271 1
  7636       11.272 1
  7638       11.272 1
  7640       11.272 1
  7642       11.273 1
  7644       11.273 1
  7646       11.273 1
  7648       11.274 1
  7650       11.274 1
  7652       11.274 1
  7654       11.275 1
  7656       11.275 1
  7658       11.275 1
  7660       11.276 1
  7662       11.276 1
  7664       11.276 1
  7666       11.276 1
  7668       11.277 1
  7670       11.277 1
  7672       11.277 1
  7674       11.278 1
  7676       11.278 1
  7678       11.278 1
  7680       11.278 1
  7682       11.279 1
  7684       11.279 1
  7686       11.279 1
  7688       11.280 1
  7690       11.280 1
  7692       11.279 1
  7694       11.279 1
  7696       11.281 1
  7698       11.281 1
  7700       11.281 1
  7702       11.283 1
  7704       11.283 1
  7706       11.283 1
  7708       11.283 1
  7710       11.283 1
  7712       11.283 1
  7714       11.283 1
  7716       11.284 1
  7718       11.284 1
  7720       11.286 1
  7722       11.286 1
  7724       11.288 1
  7726       11.288 1
  7728       11.288 1
  7730       11.290 1
  7732       11.291 1
  7734       11.291 1
  7736       11.291 1
  7738       11.293 1
  7740       11.293 1
  7742       11.293 1
  7744       11.293 1
  7746       11.293 1
  7748       11.293 1
  7750       11.295 1
  7752       11.295 1
  7754       11.295 1
  7756       11.298 1
  7758       11.298 1
  7760       11.300 1
  7762       11.302 1
  7764       11.303 1
  7766       11.305 1
  7768       11.307 1
  7770       11.307 1
  7772       11.310 1
  7774       11.310 1
  7776       11.310 1
  7778       11.309 1
  7780       11.309 1
  7782       11.307 1
  7784       11.307 1
  7786       11.307 1
  7788       11.307 1
  7790       11.307 1
  7792       11.307 1
  7794       11.307 1
  7796       11.309 1
  7798       11.309 1
  7800       11.309 1
  7802       11.309 1
  7804       11.309 1
  7806       11.309 1
  7808       11.309 1
  7810       11.309 1
  7812       11.310 1
  7814       11.310 1
  7816       11.310 1
  7818       11.310 1
  7820       11.310 1
  7822       11.310 1
  7824       11.310 1
  7826       11.310 1
  7828       11.310 1
  7830       11.312 1
  7832       11.312 1
  7834       11.312 1
  7836       11.312 1
  7838       11.312 1
  7840       11.312 1
  7842       11.312 1
  7844       11.312 1
  7846       11.312 1
  7848       11.312 1
  7850       11.312 1
  7852       11.312 1
  7854       11.314 1
  7856       11.314 1
  7858       11.314 1
  7860       11.316 1
  7862       11.317 1
  7864       11.317 1
  7866       11.317 1
  7868       11.319 1
  7870       11.319 1
  7872       11.319 1
  7874       11.321 1
  7876       11.321 1
  7878       11.321 1
  7880       11.321 1
  7882       11.321 1
  7884       11.321 1
  7886       11.321 1
  7888       11.321 1
  7890       11.322 1
  7892       11.322 1
  7894       11.324 1
  7896       11.324 1
  7898       11.324 1
  7900       11.324 1
  7902       11.324 1
  7904       11.324 1
  7906       11.326 1
  7908       11.326 1
  7910       11.326 1
  7912       11.326 1
  7914       11.326 1
  7916       11.326 1
  7918       11.328 1
  7920       11.328 1
  7922       11.328 1
  7924       11.328 1
  7926       11.326 1
  7928       11.326 1
  7930       11.326 1
  7932       11.326 1
  7934       11.326 1
  7936       11.328 1
  7938       11.328 1
  7940       11.329 1
  7942       11.331 1
  7944       11.333 1
  7946       11.333 1
  7948       11.335 1
  7950       11.335 1
  7952       11.336 1
  7954       11.338 1
  7956       11.338 1
  7958       11.338 1
  7960       11.338 1
  7962       11.338 1
  7964       11.338 1
  7966       11.338 1
  7968       11.338 1
  7970       11.338 1
  7972       11.338 1
  7974       11.338 1
  7976       11.336 1
  7978       11.336 1
  7980       11.336 1
  7982       11.338 1
  7984       11.338 1
  7986       11.338 1
  7988       11.338 1
  7990       11.338 1
  7992       11.340 1
  7994       11.338 1
  7996       11.338 1
  7998       11.338 1
  8000       11.338 1
  8002       11.338 1
  8004       11.338 1
  8006       11.338 1
  8008       11.338 1
  8010       11.338 1
  8012       11.340 1
  8014       11.340 1
  8016       11.340 1
  8018       11.340 1
  8020       11.340 1
  8022       11.340 1
  8024       11.342 1
  8026       11.343 1
  8028       11.343 1
  8030       11.343 1
  8032       11.343 1
  8034       11.343 1
  8036       11.343 1
  8038       11.343 1
  8040       11.343 1
  8042       11.343 1
  8044       11.343 1
  8046       11.343 1
  8048       11.345 1
  8050       11.345 1
  8052       11.345 1
  8054       11.347 1
  8056       11.347 1
  8058       11.347 1
  8060       11.349 1
  8062       11.350 1
  8064       11.350 1
  8066       11.350 1
  8068       11.350 1
  8070       11.352 1
  8072       11.352 1
  8074       11.352 1
  8076       11.354 1
  8078       11.354 1
  8080       11.355 1
  8082       11.355 1
  8084       11.355 1
  8086       11.355 1
  8088       11.357 1
  8090       11.357 1
  8092       11.355 1
  8094       11.355 1
  8096       11.355 1
  8098       11.357 1
  8100       11.357 1
  8102       11.357 1
  8104       11.357 1
  8106       11.357 1
  8108       11.357 1
  8110       11.357 1
  8112       11.359 1
  8114       11.359 1
  8116       11.362 1
  8118       11.364 1
  8120       11.366 1
  8122       11.369 1
  8124       11.371 1
  8126       11.373 1
  8128       11.375 1
  8130       11.376 1
  8132       11.376 1
  8134       11.376 1
  8136       11.376 1
  8138       11.376 1
  8140       11.375 1
  8142       11.373 1
  8144       11.373 1
  8146       11.371 1
  8148       11.371 1
  8150       11.371 1
  8152       11.371 1
  8154       11.371 1
  8156       11.369 1
  8158       11.369 1
  8160       11.366 1
  8162       11.366 1
  8164       11.364 1
  8166       11.362 1
  8168       11.361 1
  8170       11.361 1
  8172       11.361 1
  8174       11.361 1
  8176       11.359 1
  8178       11.359 1
  8180       11.359 1
  8182       11.359 1
  8184       11.357 1
  8186       11.357 1
  8188       11.357 1
  8190       11.357 1
  8192       11.357 1
  8194       11.359 1
  8196       11.359 1
  8198       11.361 1
  8200       11.361 1
  8202       11.361 1
  8204       11.362 1
  8206       11.364 1
  8208       11.368 1
  8210       11.371 1
  8212       11.375 1
  8214       11.380 1
  8216       11.383 1
  8218       11.387 1
  8220       11.390 1
  8222       11.394 1
  8224       11.392 1
  8226       11.390 1
  8228       11.385 1
  8230       11.380 1
  8232       11.373 1
  8234       11.366 1
  8236       11.362 1
  8238       11.361 1
  8240       11.359 1
  8242       11.359 1
  8244       11.364 1
  8246       11.366 1
  8248       11.371 1
  8250       11.376 1
  8252       11.380 1
  8254       11.383 1
  8256       11.387 1
  8258       11.390 1
  8260       11.392 1
  8262       11.392 1
  8264       11.394 1
  8266       11.394 1
  8268       11.394 1
  8270       11.395 1
  8272       11.395 1
  8274       11.394 1
  8276       11.394 1
  8278       11.392 1
  8280       11.390 1
  8282       11.390 1
  8284       11.387 1
  8286       11.387 1
  8288       11.387 1
  8290       11.387 1
  8292       11.387 1
  8294       11.387 1
  8296       11.388 1
  8298       11.388 1
  8300       11.390 1
  8302       11.390 1
  8304       11.390 1
  8306       11.392 1
  8308       11.392 1
  8310       11.392 1
  8312       11.392 1
  8314       11.392 1
  8316       11.392 1
  8318       11.392 1
  8320       11.392 1
  8322       11.392 1
  8324       11.392 1
  8326       11.392 1
  8328       11.394 1
  8330       11.394 1
  8332       11.395 1
  8334       11.397 1
  8336       11.397 1
  8338       11.399 1
  8340       11.399 1
  8342       11.399 1
  8344       11.399 1
  8346       11.401 1
  8348       11.402 1
  8350       11.402 1
  8352       11.404 1
  8354       11.404 1
  8356       11.404 1
  8358       11.404 1
  8360       11.404 1
  8362       11.404 1
  8364       11.404 1
  8366       11.404 1
  8368       11.404 1
  8370       11.404 1
  8372       11.404 1
  8374       11.404 1
  8376       11.404 1
  8378       11.404 1
  8380       11.404 1
  8382       11.404 1
  8384       11.404 1
  8386       11.404 1
  8388       11.406 1
  8390       11.406 1
  8392       11.406 1
  8394       11.406 1
  8396       11.406 1
  8398       11.406 1
  8400       11.408 1
  8402       11.408 1
  8404       11.409 1
  8406       11.409 1
  8408       11.409 1
  8410       11.409 1
  8412       11.409 1
  8414       11.409 1
  8416       11.409 1
  8418       11.409 1
  8420       11.408 1
  8422       11.408 1
  8424       11.409 1
  8426       11.409 1
  8428       11.411 1
  8430       11.413 1
  8432       11.413 1
  8434       11.416 1
  8436       11.416 1
  8438       11.416 1
  8440       11.416 1
  8442       11.415 1
  8444       11.413 1
  8446       11.411 1
  8448       11.411 1
  8450       11.411 1
  8452       11.413 1
  8454       11.413 1
  8456       11.416 1
  8458       11.418 1
  8460       11.420 1
  8462       11.420 1
  8464       11.420 1
  8466       11.420 1
  8468       11.418 1
  8470       11.416 1
  8472       11.416 1
  8474       11.413 1
  8476       11.409 1
  8478       11.408 1
  8480       11.408 1
  8482       11.406 1
  8484       11.406 1
  8486       11.409 1
  8488       11.411 1
  8490       11.413 1
  8492       11.416 1
  8494       11.418 1
  8496       11.420 1
  8498       11.420 1
  8500       11.420 1
  8502       11.418 1
  8504       11.416 1
  8506       11.413 1
  8508       11.409 1
  8510       11.406 1
  8512       11.402 1
  8514       11.399 1
  8516       11.395 1
  8518       11.392 1
  8520       11.390 1
  8522       11.388 1
  8524       11.390 1
  8526       11.390 1
  8528       11.392 1
  8530       11.395 1
  8532       11.399 1
  8534       11.402 1
  8536       11.406 1
  8538       11.411 1
  8540       11.413 1
  8542       11.416 1
  8544       11.418 1
  8546       11.418 1
  8548       11.416 1
  8550       11.415 1
  8552       11.413 1
  8554       11.411 1
  8556       11.408 1
  8558       11.406 1
  8560       11.404 1
  8562       11.404 1
  8564       11.404 1
  8566       11.406 1
  8568       11.408 1
  8570       11.411 1
  8572       11.416 1
  8574       11.420 1
  8576       11.425 1
  8578       11.432 1
  8580       11.437 1
  8582       11.444 1
  8584       11.449 1
  8586       11.456 1
  8588       11.460 1
  8590       11.463 1
  8592       11.465 1
  8594       11.468 1
  8596       11.463 1
  8598       11.460 1
  8600       11.456 1
  8602       11.449 1
  8604       11.441 1
  8606       11.434 1
  8608       11.427 1
  8610       11.418 1
  8612       11.411 1
  8614       11.406 1
  8616       11.402 1
  8618       11.397 1
  8620       11.395 1
  8622       11.394 1
  8624       11.394 1
  8626       11.394 1
  8628       11.395 1
  8630       11.397 1
  8632       11.399 1
  8634       11.402 1
  8636       11.404 1
  8638       11.408 1
  8640       11.413 1
  8642       11.416 1
  8644       11.423 1
  8646       11.428 1
  8648       11.435 1
  8650       11.439 1
  8652       11.444 1
  8654       11.451 1
  8656       11.453 1
  8658       11.458 1
  8660       11.460 1
  8662       11.460 1
  8664       11.458 1
  8666       11.458 1
  8668       11.453 1
  8670       11.449 1
  8672       11.444 1
  8674       11.439 1
  8676       11.432 1
  8678       11.427 1
  8680       11.423 1
  8682       11.421 1
  8684       11.420 1
  8686       11.418 1
  8688       11.418 1
  8690       11.416 1
  8692       11.416 1
  8694       11.418 1
  8696       11.418 1
  8698       11.418 1
  8700       11.418 1
  8702       11.420 1
  8704       11.418 1
  8706       11.416 1
  8708       11.413 1
  8710       11.409 1
  8712       11.406 1
  8714       11.402 1
  8716       11.401 1
  8718       11.406 1
  8720       11.411 1
  8722       11.416 1
  8724       11.427 1
  8726       11.437 1
  8728       11.447 1
  8730       11.456 1
  8732       11.467 1
  8734       11.477 1
  8736       11.486 1
  8738       11.494 1
  8740       11.501 1
  8742       11.505 1
  8744       11.510 1
  8746       11.512 1
  8748       11.508 1
  8750       11.503 1
  8752       11.498 1
  8754       11.491 1
  8756       11.482 1
  8758       11.475 1
  8760       11.468 1
  8762       11.461 1
  8764       11.456 1
  8766       11.453 1
  8768       11.449 1
  8770       11.446 1
  8772       11.444 1
  8774       11.441 1
  8776       11.439 1
  8778       11.435 1
  8780       11.432 1
  8782       11.430 1
  8784       11.427 1
  8786       11.423 1
  8788       11.420 1
  8790       11.416 1
  8792       11.415 1
  8794       11.411 1
  8796       11.411 1
  8798       11.409 1
  8800       11.409 1
  8802       11.411 1
  8804       11.411 1
  8806       11.413 1
  8808       11.415 1
  8810       11.416 1
  8812       11.416 1
  8814       11.418 1
  8816       11.420 1
  8818       11.423 1
  8820       11.425 1
  8822       11.430 1
  8824       11.432 1
  8826       11.437 1
  8828       11.439 1
  8830       11.444 1
  8832       11.449 1
  8834       11.453 1
  8836       11.458 1
  8838       11.465 1
  8840       11.472 1
  8842       11.480 1
  8844       11.489 1
  8846       11.498 1
  8848       11.508 1
  8850       11.517 1
  8852       11.524 1
  8854       11.531 1
  8856       11.533 1
  8858       11.531 1
  8860       11.529 1
  8862       11.524 1
  8864       11.517 1
  8866       11.508 1
  8868       11.500 1
  8870       11.491 1
  8872       11.482 1
  8874       11.474 1
  8876       11.467 1
  8878       11.460 1
  8880       11.453 1
  8882       11.449 1
  8884       11.446 1
  8886       11.442 1
  8888       11.439 1
  8890       11.437 1
  8892       11.437 1
  8894       11.437 1
  8896       11.435 1
  8898       11.435 1
  8900       11.435 1
  8902       11.435 1
  8904       11.435 1
  8906       11.437 1
  8908       11.439 1
  8910       11.441 1
  8912       11.442 1
  8914       11.444 1
  8916       11.446 1
  8918       11.449 1
  8920       11.451 1
  8922       11.453 1
  8924       11.454 1
  8926       11.458 1
  8928       11.460 1
  8930       11.461 1
  8932       11.465 1
  8934       11.467 1
  8936       11.468 1
  8938       11.470 1
  8940       11.472 1
  8942       11.474 1
  8944       11.475 1
  8946       11.477 1
  8948       11.479 1
  8950       11.480 1
  8952       11.482 1
  8954       11.484 1
  8956       11.484 1
  8958       11.484 1
  8960       11.484 1
  8962       11.482 1
  8964       11.479 1
  8966       11.479 1
  8968       11.477 1
  8970       11.477 1
  8972       11.477 1
  8974       11.479 1
  8976       11.482 1
  8978       11.486 1
  8980       11.491 1
  8982       11.496 1
  8984       11.503 1
  8986       11.510 1
  8988       11.515 1
  8990       11.522 1
  8992       11.529 1
  8994       11.536 1
  8996       11.543 1
  8998       11.550 1
  9000       11.559 1
  9002       11.566 1
  9004       11.571 1
  9006       11.578 1
  9008       11.579 1
  9010       11.578 1
  9012       11.576 1
  9014       11.571 1
  9016       11.562 1
  9018       11.553 1
  9020       11.545 1
  9022       11.538 1
  9024       11.529 1
  9026       11.522 1
  9028       11.519 1
  9030       11.517 1
  9032       11.515 1
  9034       11.519 1
  9036       11.520 1
  9038       11.524 1
  9040       11.529 1
  9042       11.534 1
  9044       11.538 1
  9046       11.541 1
  9048       11.543 1
  9050       11.545 1
  9052       11.546 1
  9054       11.548 1
  9056       11.548 1
  9058       11.545 1
  9060       11.541 1
  9062       11.538 1
  9064       11.534 1
  9066       11.529 1
  9068       11.524 1
  9070       11.520 1
  9072       11.517 1
  9074       11.515 1
  9076       11.512 1
  9078       11.510 1
  9080       11.508 1
  9082       11.507 1
  9084       11.505 1
  9086       11.503 1
  9088       11.503 1
  9090       11.503 1
  9092       11.503 1
  9094       11.503 1
  9096       11.503 1
  9098       11.503 1
  9100       11.503 1
  9102       11.503 1
  9104       11.505 1
  9106       11.503 1
  9108       11.503 1
  9110       11.501 1
  9112       11.505 1
  9114       11.507 1
  9116       11.510 1
  9118       11.512 1
  9120       11.515 1
  9122       11.517 1
  9124       11.517 1
  9126       11.515 1
  9128       11.515 1
  9130       11.512 1
  9132       11.508 1
  9134       11.505 1
  9136       11.503 1
  9138       11.503 1
  9140       11.503 1
  9142       11.505 1
  9144       11.508 1
  9146       11.512 1
  9148       11.512 1
  9150       11.512 1
  9152       11.510 1
  9154       11.510 1
  9156       11.508 1
  9158       11.508 1
  9160       11.508 1
  9162       11.508 1
  9164       11.508 1
  9166       11.508 1
  9168       11.508 1
  9170       11.508 1
  9172       11.508 1
  9174       11.505 1
  9176       11.503 1
  9178       11.501 1
  9180       11.501 1
  9182       11.501 1
  9184       11.501 1
  9186       11.505 1
  9188       11.510 1
  9190       11.515 1
  9192       11.520 1
  9194       11.526 1
  9196       11.531 1
  9198       11.538 1
  9200       11.543 1
