#    Feige 34
#    Table file for FEIGE 34 flux standard
#    based on data from Oke ( AJ, 99, 1621, 1990 ).
#    Data extracted from STSDAS table held in CALOBS
#    directory at STScI. Note that these are fitted
#    continuum fluxes, not directly measured fluxes,
#    and so should be treated in the same way as
#    Fillipenko and Greenstein standards
#    More information: http//catserver.ing.iac.es/landscape/tn065-100/workflux.php
#
  3200       10.072	1.0
  3201       10.074	1.0
  3202       10.074	1.0
  3203       10.072	1.0
  3204       10.071	1.0
  3205       10.074	1.0
  3206       10.074	1.0
  3207       10.072	1.0
  3208       10.071	1.0
  3209       10.064	1.0
  3210       10.057	1.0
  3211       10.050	1.0
  3212       10.045	1.0
  3213       10.041	1.0
  3214       10.041	1.0
  3215       10.041	1.0
  3216       10.040	1.0
  3217       10.038	1.0
  3218       10.036	1.0
  3219       10.033	1.0
  3220       10.029	1.0
  3221       10.027	1.0
  3222       10.024	1.0
  3223       10.022	1.0
  3224       10.019	1.0
  3225       10.017	1.0
  3226       10.013	1.0
  3227       10.010	1.0
  3228       10.008	1.0
  3229       10.005	1.0
  3230       10.005	1.0
  3231       10.007	1.0
  3232       10.010	1.0
  3233       10.012	1.0
  3234       10.015	1.0
  3235       10.019	1.0
  3236       10.024	1.0
  3237       10.031	1.0
  3238       10.036	1.0
  3239       10.043	1.0
  3240       10.050	1.0
  3241       10.059	1.0
  3242       10.067	1.0
  3243       10.071	1.0
  3244       10.074	1.0
  3245       10.078	1.0
  3246       10.083	1.0
  3247       10.086	1.0
  3248       10.088	1.0
  3249       10.092	1.0
  3250       10.097	1.0
  3251       10.102	1.0
  3252       10.104	1.0
  3253       10.107	1.0
  3254       10.107	1.0
  3255       10.109	1.0
  3256       10.112	1.0
  3257       10.116	1.0
  3258       10.119	1.0
  3259       10.123	1.0
  3260       10.123	1.0
  3261       10.125	1.0
  3262       10.126	1.0
  3263       10.126	1.0
  3264       10.126	1.0
  3265       10.128	1.0
  3266       10.128	1.0
  3267       10.128	1.0
  3268       10.126	1.0
  3269       10.126	1.0
  3270       10.128	1.0
  3271       10.128	1.0
  3272       10.128	1.0
  3273       10.128	1.0
  3274       10.128	1.0
  3275       10.130	1.0
  3276       10.130	1.0
  3277       10.133	1.0
  3278       10.137	1.0
  3279       10.140	1.0
  3280       10.142	1.0
  3281       10.142	1.0
  3282       10.140	1.0
  3283       10.138	1.0
  3284       10.135	1.0
  3285       10.135	1.0
  3286       10.137	1.0
  3287       10.138	1.0
  3288       10.142	1.0
  3289       10.145	1.0
  3290       10.151	1.0
  3291       10.156	1.0
  3292       10.159	1.0
  3293       10.163	1.0
  3294       10.165	1.0
  3295       10.166	1.0
  3296       10.166	1.0
  3297       10.166	1.0
  3298       10.166	1.0
  3299       10.165	1.0
  3300       10.163	1.0
  3301       10.163	1.0
  3302       10.163	1.0
  3303       10.165	1.0
  3304       10.166	1.0
  3305       10.168	1.0
  3306       10.171	1.0
  3307       10.175	1.0
  3308       10.177	1.0
  3309       10.178	1.0
  3310       10.180	1.0
  3311       10.180	1.0
  3312       10.180	1.0
  3313       10.180	1.0
  3314       10.180	1.0
  3315       10.178	1.0
  3316       10.177	1.0
  3317       10.175	1.0
  3318       10.171	1.0
  3319       10.171	1.0
  3320       10.173	1.0
  3321       10.175	1.0
  3322       10.178	1.0
  3323       10.182	1.0
  3324       10.185	1.0
  3325       10.185	1.0
  3326       10.185	1.0
  3327       10.185	1.0
  3328       10.180	1.0
  3329       10.177	1.0
  3330       10.175	1.0
  3331       10.171	1.0
  3332       10.171	1.0
  3333       10.173	1.0
  3334       10.173	1.0
  3335       10.173	1.0
  3336       10.173	1.0
  3337       10.173	1.0
  3338       10.170	1.0
  3339       10.171	1.0
  3340       10.171	1.0
  3341       10.175	1.0
  3342       10.177	1.0
  3343       10.177	1.0
  3344       10.177	1.0
  3345       10.175	1.0
  3346       10.175	1.0
  3347       10.173	1.0
  3348       10.170	1.0
  3349       10.168	1.0
  3350       10.168	1.0
  3351       10.170	1.0
  3352       10.175	1.0
  3353       10.178	1.0
  3354       10.184	1.0
  3355       10.187	1.0
  3356       10.187	1.0
  3357       10.187	1.0
  3358       10.187	1.0
  3359       10.187	1.0
  3360       10.187	1.0
  3361       10.187	1.0
  3362       10.189	1.0
  3363       10.189	1.0
  3364       10.187	1.0
  3365       10.187	1.0
  3366       10.187	1.0
  3367       10.185	1.0
  3368       10.185	1.0
  3369       10.185	1.0
  3370       10.184	1.0
  3371       10.182	1.0
  3372       10.178	1.0
  3373       10.177	1.0
  3374       10.175	1.0
  3375       10.177	1.0
  3376       10.178	1.0
  3377       10.185	1.0
  3378       10.192	1.0
  3379       10.194	1.0
  3380       10.194	1.0
  3381       10.194	1.0
  3382       10.196	1.0
  3383       10.199	1.0
  3384       10.201	1.0
  3385       10.203	1.0
  3386       10.206	1.0
  3387       10.206	1.0
  3388       10.204	1.0
  3389       10.203	1.0
  3390       10.203	1.0
  3391       10.203	1.0
  3392       10.206	1.0
  3393       10.210	1.0
  3394       10.213	1.0
  3395       10.217	1.0
  3396       10.220	1.0
  3397       10.222	1.0
  3398       10.225	1.0
  3399       10.227	1.0
  3400       10.227	1.0
  3401       10.225	1.0
  3402       10.222	1.0
  3403       10.222	1.0
  3404       10.220	1.0
  3405       10.222	1.0
  3406       10.224	1.0
  3407       10.225	1.0
  3408       10.225	1.0
  3409       10.227	1.0
  3410       10.227	1.0
  3411       10.227	1.0
  3412       10.229	1.0
  3413       10.229	1.0
  3414       10.232	1.0
  3415       10.234	1.0
  3416       10.236	1.0
  3417       10.239	1.0
  3418       10.244	1.0
  3419       10.246	1.0
  3420       10.246	1.0
  3421       10.248	1.0
  3422       10.248	1.0
  3423       10.246	1.0
  3424       10.250	1.0
  3425       10.253	1.0
  3426       10.255	1.0
  3427       10.260	1.0
  3428       10.262	1.0
  3429       10.265	1.0
  3430       10.265	1.0
  3431       10.262	1.0
  3432       10.262	1.0
  3433       10.260	1.0
  3434       10.260	1.0
  3435       10.257	1.0
  3436       10.255	1.0
  3437       10.251	1.0
  3438       10.248	1.0
  3439       10.246	1.0
  3440       10.246	1.0
  3441       10.246	1.0
  3442       10.246	1.0
  3443       10.248	1.0
  3444       10.250	1.0
  3445       10.251	1.0
  3446       10.255	1.0
  3447       10.258	1.0
  3448       10.260	1.0
  3449       10.262	1.0
  3450       10.262	1.0
  3451       10.262	1.0
  3452       10.262	1.0
  3453       10.263	1.0
  3454       10.265	1.0
  3455       10.265	1.0
  3456       10.265	1.0
  3457       10.265	1.0
  3458       10.262	1.0
  3459       10.262	1.0
  3460       10.260	1.0
  3461       10.262	1.0
  3462       10.262	1.0
  3463       10.263	1.0
  3464       10.265	1.0
  3465       10.265	1.0
  3466       10.265	1.0
  3467       10.267	1.0
  3468       10.269	1.0
  3469       10.269	1.0
  3470       10.270	1.0
  3471       10.270	1.0
  3472       10.269	1.0
  3473       10.270	1.0
  3474       10.272	1.0
  3475       10.274	1.0
  3476       10.277	1.0
  3477       10.281	1.0
  3478       10.284	1.0
  3479       10.288	1.0
  3480       10.291	1.0
  3481       10.295	1.0
  3482       10.296	1.0
  3483       10.300	1.0
  3484       10.298	1.0
  3485       10.295	1.0
  3486       10.293	1.0
  3487       10.290	1.0
  3488       10.288	1.0
  3489       10.286	1.0
  3490       10.284	1.0
  3491       10.284	1.0
  3492       10.284	1.0
  3493       10.284	1.0
  3494       10.286	1.0
  3495       10.286	1.0
  3496       10.288	1.0
  3497       10.290	1.0
  3498       10.291	1.0
  3499       10.293	1.0
  3500       10.295	1.0
  3501       10.296	1.0
  3502       10.298	1.0
  3503       10.300	1.0
  3504       10.302	1.0
  3505       10.302	1.0
  3506       10.302	1.0
  3507       10.302	1.0
  3508       10.302	1.0
  3509       10.302	1.0
  3510       10.300	1.0
  3511       10.300	1.0
  3512       10.298	1.0
  3513       10.298	1.0
  3514       10.298	1.0
  3515       10.298	1.0
  3516       10.298	1.0
  3517       10.298	1.0
  3518       10.298	1.0
  3519       10.298	1.0
  3520       10.298	1.0
  3521       10.296	1.0
  3522       10.295	1.0
  3523       10.295	1.0
  3524       10.293	1.0
  3525       10.293	1.0
  3526       10.293	1.0
  3527       10.296	1.0
  3528       10.300	1.0
  3529       10.303	1.0
  3530       10.307	1.0
  3531       10.310	1.0
  3532       10.314	1.0
  3533       10.317	1.0
  3534       10.319	1.0
  3535       10.321	1.0
  3536       10.322	1.0
  3537       10.324	1.0
  3538       10.328	1.0
  3539       10.331	1.0
  3540       10.335	1.0
  3541       10.338	1.0
  3542       10.340	1.0
  3543       10.342	1.0
  3544       10.342	1.0
  3545       10.343	1.0
  3546       10.342	1.0
  3547       10.342	1.0
  3548       10.342	1.0
  3549       10.340	1.0
  3550       10.340	1.0
  3551       10.340	1.0
  3552       10.342	1.0
  3553       10.342	1.0
  3554       10.343	1.0
  3555       10.342	1.0
  3556       10.342	1.0
  3557       10.340	1.0
  3558       10.338	1.0
  3559       10.336	1.0
  3560       10.335	1.0
  3561       10.335	1.0
  3562       10.335	1.0
  3563       10.335	1.0
  3564       10.336	1.0
  3565       10.336	1.0
  3566       10.336	1.0
  3567       10.336	1.0
  3568       10.338	1.0
  3569       10.338	1.0
  3570       10.338	1.0
  3571       10.338	1.0
  3572       10.338	1.0
  3573       10.340	1.0
  3574       10.340	1.0
  3575       10.342	1.0
  3576       10.343	1.0
  3577       10.343	1.0
  3578       10.345	1.0
  3579       10.345	1.0
  3580       10.347	1.0
  3581       10.347	1.0
  3582       10.349	1.0
  3583       10.350	1.0
  3584       10.352	1.0
  3585       10.352	1.0
  3586       10.354	1.0
  3587       10.354	1.0
  3588       10.354	1.0
  3589       10.355	1.0
  3590       10.355	1.0
  3591       10.355	1.0
  3592       10.355	1.0
  3593       10.357	1.0
  3594       10.357	1.0
  3595       10.359	1.0
  3596       10.361	1.0
  3597       10.364	1.0
  3598       10.364	1.0
  3599       10.366	1.0
  3600       10.366	1.0
  3601       10.368	1.0
  3602       10.366	1.0
  3603       10.366	1.0
  3604       10.366	1.0
  3605       10.366	1.0
  3606       10.366	1.0
  3607       10.364	1.0
  3608       10.362	1.0
  3609       10.361	1.0
  3610       10.361	1.0
  3611       10.361	1.0
  3612       10.361	1.0
  3613       10.361	1.0
  3614       10.361	1.0
  3615       10.364	1.0
  3616       10.366	1.0
  3617       10.369	1.0
  3618       10.371	1.0
  3619       10.371	1.0
  3620       10.371	1.0
  3621       10.373	1.0
  3622       10.376	1.0
  3623       10.378	1.0
  3624       10.380	1.0
  3625       10.382	1.0
  3626       10.382	1.0
  3627       10.382	1.0
  3628       10.382	1.0
  3629       10.382	1.0
  3630       10.383	1.0
  3631       10.383	1.0
  3632       10.383	1.0
  3633       10.383	1.0
  3634       10.383	1.0
  3635       10.385	1.0
  3636       10.385	1.0
  3637       10.388	1.0
  3638       10.390	1.0
  3639       10.392	1.0
  3640       10.392	1.0
  3641       10.392	1.0
  3642       10.392	1.0
  3643       10.390	1.0
  3644       10.390	1.0
  3645       10.390	1.0
  3646       10.390	1.0
  3647       10.392	1.0
  3648       10.394	1.0
  3649       10.395	1.0
  3650       10.399	1.0
  3651       10.404	1.0
  3652       10.406	1.0
  3653       10.409	1.0
  3654       10.411	1.0
  3655       10.413	1.0
  3656       10.416	1.0
  3657       10.418	1.0
  3658       10.418	1.0
  3659       10.420	1.0
  3660       10.420	1.0
  3661       10.421	1.0
  3662       10.423	1.0
  3663       10.423	1.0
  3664       10.425	1.0
  3665       10.425	1.0
  3666       10.427	1.0
  3667       10.425	1.0
  3668       10.425	1.0
  3669       10.427	1.0
  3670       10.427	1.0
  3671       10.427	1.0
  3672       10.427	1.0
  3673       10.427	1.0
  3674       10.428	1.0
  3675       10.427	1.0
  3676       10.425	1.0
  3677       10.423	1.0
  3678       10.421	1.0
  3679       10.420	1.0
  3680       10.420	1.0
  3681       10.418	1.0
  3682       10.418	1.0
  3683       10.418	1.0
  3684       10.418	1.0
  3685       10.418	1.0
  3686       10.421	1.0
  3687       10.423	1.0
  3688       10.427	1.0
  3689       10.428	1.0
  3690       10.432	1.0
  3691       10.435	1.0
  3692       10.439	1.0
  3693       10.444	1.0
  3694       10.446	1.0
  3695       10.446	1.0
  3696       10.446	1.0
  3697       10.446	1.0
  3698       10.444	1.0
  3699       10.444	1.0
  3700       10.442	1.0
  3701       10.442	1.0
  3702       10.439	1.0
  3703       10.439	1.0
  3704       10.441	1.0
  3705       10.441	1.0
  3706       10.441	1.0
  3707       10.442	1.0
  3708       10.442	1.0
  3709       10.444	1.0
  3710       10.446	1.0
  3711       10.447	1.0
  3712       10.449	1.0
  3713       10.451	1.0
  3714       10.451	1.0
  3715       10.451	1.0
  3716       10.449	1.0
  3717       10.447	1.0
  3718       10.446	1.0
  3719       10.446	1.0
  3720       10.446	1.0
  3721       10.446	1.0
  3722       10.449	1.0
  3723       10.451	1.0
  3724       10.453	1.0
  3725       10.453	1.0
  3726       10.453	1.0
  3727       10.453	1.0
  3728       10.451	1.0
  3729       10.449	1.0
  3730       10.446	1.0
  3731       10.444	1.0
  3732       10.442	1.0
  3733       10.439	1.0
  3734       10.437	1.0
  3735       10.439	1.0
  3736       10.441	1.0
  3737       10.444	1.0
  3738       10.449	1.0
  3739       10.454	1.0
  3740       10.453	1.0
  3741       10.453	1.0
  3742       10.453	1.0
  3743       10.453	1.0
  3744       10.454	1.0
  3745       10.456	1.0
  3746       10.456	1.0
  3747       10.458	1.0
  3748       10.458	1.0
  3749       10.460	1.0
  3750       10.460	1.0
  3751       10.460	1.0
  3752       10.461	1.0
  3753       10.463	1.0
  3754       10.465	1.0
  3755       10.467	1.0
  3756       10.468	1.0
  3757       10.468	1.0
  3758       10.468	1.0
  3759       10.470	1.0
  3760       10.472	1.0
  3761       10.472	1.0
  3762       10.472	1.0
  3763       10.470	1.0
  3764       10.470	1.0
  3765       10.470	1.0
  3766       10.472	1.0
  3767       10.472	1.0
  3768       10.474	1.0
  3769       10.475	1.0
  3770       10.475	1.0
  3771       10.477	1.0
  3772       10.474	1.0
  3773       10.472	1.0
  3774       10.468	1.0
  3775       10.465	1.0
  3776       10.463	1.0
  3777       10.467	1.0
  3778       10.470	1.0
  3779       10.475	1.0
  3780       10.479	1.0
  3781       10.482	1.0
  3782       10.484	1.0
  3783       10.486	1.0
  3784       10.487	1.0
  3785       10.491	1.0
  3786       10.493	1.0
  3787       10.496	1.0
  3788       10.498	1.0
  3789       10.501	1.0
  3790       10.503	1.0
  3791       10.507	1.0
  3792       10.510	1.0
  3793       10.512	1.0
  3794       10.512	1.0
  3795       10.512	1.0
  3796       10.510	1.0
  3797       10.508	1.0
  3798       10.505	1.0
  3799       10.501	1.0
  3800       10.498	1.0
  3801       10.494	1.0
  3802       10.491	1.0
  3803       10.489	1.0
  3804       10.487	1.0
  3805       10.486	1.0
  3806       10.484	1.0
  3807       10.482	1.0
  3808       10.479	1.0
  3809       10.477	1.0
  3810       10.477	1.0
  3811       10.474	1.0
  3812       10.470	1.0
  3813       10.470	1.0
  3814       10.470	1.0
  3815       10.470	1.0
  3816       10.472	1.0
  3817       10.475	1.0
  3818       10.477	1.0
  3819       10.480	1.0
  3820       10.482	1.0
  3821       10.484	1.0
  3822       10.486	1.0
  3823       10.489	1.0
  3824       10.491	1.0
  3825       10.496	1.0
  3826       10.501	1.0
  3827       10.505	1.0
  3828       10.508	1.0
  3829       10.510	1.0
  3830       10.510	1.0
  3831       10.512	1.0
  3832       10.512	1.0
  3833       10.513	1.0
  3834       10.515	1.0
  3835       10.515	1.0
  3836       10.513	1.0
  3837       10.510	1.0
  3838       10.508	1.0
  3839       10.503	1.0
  3840       10.500	1.0
  3841       10.496	1.0
  3842       10.494	1.0
  3843       10.491	1.0
  3844       10.487	1.0
  3845       10.484	1.0
  3846       10.480	1.0
  3847       10.477	1.0
  3848       10.472	1.0
  3849       10.468	1.0
  3850       10.465	1.0
  3851       10.465	1.0
  3852       10.463	1.0
  3853       10.463	1.0
  3854       10.463	1.0
  3855       10.463	1.0
  3856       10.460	1.0
  3857       10.458	1.0
  3858       10.456	1.0
  3859       10.458	1.0
  3860       10.458	1.0
  3861       10.461	1.0
  3862       10.465	1.0
  3863       10.465	1.0
  3864       10.468	1.0
  3865       10.468	1.0
  3866       10.470	1.0
  3867       10.470	1.0
  3868       10.470	1.0
  3869       10.468	1.0
  3870       10.468	1.0
  3871       10.470	1.0
  3872       10.472	1.0
  3873       10.475	1.0
  3874       10.477	1.0
  3875       10.482	1.0
  3876       10.486	1.0
  3877       10.491	1.0
  3878       10.498	1.0
  3879       10.503	1.0
  3880       10.510	1.0
  3881       10.515	1.0
  3882       10.522	1.0
  3883       10.529	1.0
  3884       10.534	1.0
  3885       10.541	1.0
  3886       10.545	1.0
  3887       10.548	1.0
  3888       10.550	1.0
  3889       10.548	1.0
  3890       10.546	1.0
  3891       10.543	1.0
  3892       10.538	1.0
  3893       10.534	1.0
  3894       10.527	1.0
  3895       10.522	1.0
  3896       10.515	1.0
  3897       10.510	1.0
  3898       10.505	1.0
  3899       10.500	1.0
  3900       10.496	1.0
  3901       10.491	1.0
  3902       10.486	1.0
  3903       10.482	1.0
  3904       10.480	1.0
  3905       10.479	1.0
  3906       10.477	1.0
  3907       10.475	1.0
  3908       10.475	1.0
  3909       10.474	1.0
  3910       10.472	1.0
  3911       10.472	1.0
  3912       10.470	1.0
  3913       10.468	1.0
  3914       10.468	1.0
  3915       10.468	1.0
  3916       10.468	1.0
  3917       10.468	1.0
  3918       10.470	1.0
  3919       10.470	1.0
  3920       10.472	1.0
  3921       10.472	1.0
  3922       10.474	1.0
  3923       10.475	1.0
  3924       10.477	1.0
  3925       10.479	1.0
  3926       10.480	1.0
  3927       10.482	1.0
  3928       10.486	1.0
  3929       10.489	1.0
  3930       10.489	1.0
  3931       10.491	1.0
  3932       10.491	1.0
  3933       10.491	1.0
  3934       10.489	1.0
  3935       10.489	1.0
  3936       10.489	1.0
  3937       10.489	1.0
  3938       10.489	1.0
  3939       10.487	1.0
  3940       10.487	1.0
  3941       10.487	1.0
  3942       10.489	1.0
  3943       10.489	1.0
  3944       10.491	1.0
  3945       10.491	1.0
  3946       10.491	1.0
  3947       10.491	1.0
  3948       10.491	1.0
  3949       10.494	1.0
  3950       10.496	1.0
  3951       10.508	1.0
  3952       10.512	1.0
  3953       10.515	1.0
  3954       10.522	1.0
  3955       10.527	1.0
  3956       10.533	1.0
  3957       10.538	1.0
  3958       10.543	1.0
  3959       10.548	1.0
  3960       10.555	1.0
  3961       10.562	1.0
  3962       10.574	1.0
  3963       10.585	1.0
  3964       10.595	1.0
  3965       10.604	1.0
  3966       10.612	1.0
  3967       10.619	1.0
  3968       10.625	1.0
  3969       10.628	1.0
  3970       10.630	1.0
  3971       10.630	1.0
  3972       10.630	1.0
  3973       10.626	1.0
  3974       10.621	1.0
  3975       10.614	1.0
  3976       10.607	1.0
  3977       10.600	1.0
  3978       10.593	1.0
  3979       10.588	1.0
  3980       10.581	1.0
  3981       10.576	1.0
  3982       10.571	1.0
  3983       10.566	1.0
  3984       10.560	1.0
  3985       10.555	1.0
  3986       10.550	1.0
  3987       10.545	1.0
  3988       10.541	1.0
  3989       10.538	1.0
  3990       10.534	1.0
  3991       10.531	1.0
  3992       10.527	1.0
  3993       10.524	1.0
  3994       10.522	1.0
  3995       10.520	1.0
  3996       10.519	1.0
  3997       10.519	1.0
  3998       10.519	1.0
  3999       10.519	1.0
  4000       10.519	1.0
  4001       10.519	1.0
  4002       10.520	1.0
  4003       10.520	1.0
  4004       10.520	1.0
  4005       10.520	1.0
  4006       10.522	1.0
  4007       10.524	1.0
  4008       10.524	1.0
  4009       10.526	1.0
  4010       10.527	1.0
  4011       10.529	1.0
  4012       10.531	1.0
  4013       10.531	1.0
  4014       10.531	1.0
  4015       10.533	1.0
  4016       10.534	1.0
  4017       10.534	1.0
  4018       10.534	1.0
  4019       10.534	1.0
  4020       10.534	1.0
  4021       10.534	1.0
  4022       10.534	1.0
  4023       10.534	1.0
  4024       10.536	1.0
  4025       10.536	1.0
  4026       10.536	1.0
  4027       10.534	1.0
  4028       10.534	1.0
  4029       10.534	1.0
  4030       10.534	1.0
  4031       10.536	1.0
  4032       10.536	1.0
  4033       10.538	1.0
  4034       10.538	1.0
  4035       10.538	1.0
  4036       10.540	1.0
  4037       10.540	1.0
  4038       10.541	1.0
  4039       10.541	1.0
  4040       10.541	1.0
  4041       10.543	1.0
  4042       10.543	1.0
  4043       10.543	1.0
  4044       10.543	1.0
  4045       10.541	1.0
  4046       10.541	1.0
  4047       10.543	1.0
  4048       10.543	1.0
  4049       10.543	1.0
  4050       10.543	1.0
  4051       10.545	1.0
  4052       10.545	1.0
  4053       10.545	1.0
  4054       10.546	1.0
  4055       10.548	1.0
  4056       10.548	1.0
  4057       10.548	1.0
  4058       10.548	1.0
  4059       10.548	1.0
  4060       10.546	1.0
  4061       10.546	1.0
  4062       10.545	1.0
  4063       10.545	1.0
  4064       10.545	1.0
  4065       10.546	1.0
  4066       10.548	1.0
  4067       10.548	1.0
  4068       10.550	1.0
  4069       10.550	1.0
  4070       10.552	1.0
  4071       10.552	1.0
  4072       10.552	1.0
  4073       10.553	1.0
  4074       10.555	1.0
  4075       10.555	1.0
  4076       10.557	1.0
  4077       10.559	1.0
  4078       10.560	1.0
  4079       10.564	1.0
  4080       10.566	1.0
  4081       10.569	1.0
  4082       10.572	1.0
  4083       10.576	1.0
  4084       10.581	1.0
  4085       10.586	1.0
  4086       10.593	1.0
  4087       10.599	1.0
  4088       10.605	1.0
  4089       10.612	1.0
  4090       10.621	1.0
  4091       10.628	1.0
  4092       10.637	1.0
  4093       10.647	1.0
  4094       10.659	1.0
  4095       10.670	1.0
  4096       10.682	1.0
  4097       10.692	1.0
  4098       10.701	1.0
  4099       10.708	1.0
  4100       10.715	1.0
  4101       10.718	1.0
  4102       10.720	1.0
  4103       10.717	1.0
  4104       10.713	1.0
  4105       10.703	1.0
  4106       10.694	1.0
  4107       10.682	1.0
  4108       10.671	1.0
  4109       10.661	1.0
  4110       10.652	1.0
  4111       10.642	1.0
  4112       10.635	1.0
  4113       10.626	1.0
  4114       10.619	1.0
  4115       10.612	1.0
  4116       10.607	1.0
  4117       10.602	1.0
  4118       10.600	1.0
  4119       10.597	1.0
  4120       10.595	1.0
  4121       10.593	1.0
  4122       10.592	1.0
  4123       10.590	1.0
  4124       10.590	1.0
  4125       10.590	1.0
  4126       10.590	1.0
  4127       10.592	1.0
  4128       10.592	1.0
  4129       10.592	1.0
  4130       10.593	1.0
  4131       10.593	1.0
  4132       10.593	1.0
  4133       10.595	1.0
  4134       10.595	1.0
  4135       10.597	1.0
  4136       10.597	1.0
  4137       10.599	1.0
  4138       10.600	1.0
  4139       10.600	1.0
  4140       10.600	1.0
  4141       10.600	1.0
  4142       10.602	1.0
  4143       10.602	1.0
  4144       10.604	1.0
  4145       10.604	1.0
  4146       10.605	1.0
  4147       10.605	1.0
  4148       10.607	1.0
  4149       10.607	1.0
  4150       10.609	1.0
  4151       10.609	1.0
  4152       10.611	1.0
  4153       10.611	1.0
  4154       10.611	1.0
  4155       10.612	1.0
  4156       10.612	1.0
  4157       10.614	1.0
  4158       10.614	1.0
  4159       10.616	1.0
  4160       10.616	1.0
  4161       10.616	1.0
  4162       10.616	1.0
  4163       10.618	1.0
  4164       10.618	1.0
  4165       10.616	1.0
  4166       10.616	1.0
  4167       10.616	1.0
  4168       10.616	1.0
  4169       10.616	1.0
  4170       10.618	1.0
  4171       10.619	1.0
  4172       10.619	1.0
  4173       10.619	1.0
  4174       10.619	1.0
  4175       10.619	1.0
  4176       10.618	1.0
  4177       10.619	1.0
  4178       10.619	1.0
  4179       10.619	1.0
  4180       10.619	1.0
  4181       10.619	1.0
  4182       10.619	1.0
  4183       10.621	1.0
  4184       10.621	1.0
  4185       10.621	1.0
  4186       10.623	1.0
  4187       10.623	1.0
  4188       10.625	1.0
  4189       10.626	1.0
  4190       10.626	1.0
  4191       10.628	1.0
  4192       10.628	1.0
  4193       10.628	1.0
  4194       10.630	1.0
  4195       10.630	1.0
  4196       10.630	1.0
  4197       10.630	1.0
  4198       10.630	1.0
  4199       10.630	1.0
  4200       10.630	1.0
  4201       10.630	1.0
  4202       10.632	1.0
  4203       10.632	1.0
  4204       10.633	1.0
  4205       10.633	1.0
  4206       10.633	1.0
  4207       10.635	1.0
  4208       10.635	1.0
  4209       10.637	1.0
  4210       10.637	1.0
  4211       10.637	1.0
  4212       10.635	1.0
  4213       10.635	1.0
  4214       10.635	1.0
  4215       10.635	1.0
  4216       10.635	1.0
  4217       10.635	1.0
  4218       10.633	1.0
  4219       10.633	1.0
  4220       10.633	1.0
  4221       10.632	1.0
  4222       10.632	1.0
  4223       10.630	1.0
  4224       10.630	1.0
  4225       10.630	1.0
  4226       10.630	1.0
  4227       10.630	1.0
  4228       10.632	1.0
  4229       10.633	1.0
  4230       10.633	1.0
  4231       10.635	1.0
  4232       10.635	1.0
  4233       10.637	1.0
  4234       10.638	1.0
  4235       10.640	1.0
  4236       10.642	1.0
  4237       10.642	1.0
  4238       10.644	1.0
  4239       10.645	1.0
  4240       10.645	1.0
  4241       10.647	1.0
  4242       10.647	1.0
  4243       10.645	1.0
  4244       10.645	1.0
  4245       10.645	1.0
  4246       10.645	1.0
  4247       10.644	1.0
  4248       10.645	1.0
  4249       10.645	1.0
  4250       10.645	1.0
  4251       10.647	1.0
  4252       10.649	1.0
  4253       10.649	1.0
  4254       10.651	1.0
  4255       10.652	1.0
  4256       10.654	1.0
  4257       10.654	1.0
  4258       10.654	1.0
  4259       10.656	1.0
  4260       10.656	1.0
  4261       10.656	1.0
  4262       10.656	1.0
  4263       10.658	1.0
  4264       10.658	1.0
  4265       10.658	1.0
  4266       10.658	1.0
  4267       10.658	1.0
  4268       10.658	1.0
  4269       10.658	1.0
  4270       10.658	1.0
  4271       10.659	1.0
  4272       10.659	1.0
  4273       10.659	1.0
  4274       10.661	1.0
  4275       10.661	1.0
  4276       10.661	1.0
  4277       10.661	1.0
  4278       10.661	1.0
  4279       10.659	1.0
  4280       10.659	1.0
  4281       10.659	1.0
  4282       10.659	1.0
  4283       10.659	1.0
  4284       10.659	1.0
  4285       10.659	1.0
  4286       10.661	1.0
  4287       10.661	1.0
  4288       10.661	1.0
  4289       10.663	1.0
  4290       10.663	1.0
  4291       10.663	1.0
  4292       10.665	1.0
  4293       10.666	1.0
  4294       10.668	1.0
  4295       10.670	1.0
  4296       10.670	1.0
  4297       10.671	1.0
  4298       10.673	1.0
  4299       10.673	1.0
  4300       10.675	1.0
  4301       10.675	1.0
  4302       10.677	1.0
  4303       10.677	1.0
  4304       10.677	1.0
  4305       10.677	1.0
  4306       10.678	1.0
  4307       10.678	1.0
  4308       10.678	1.0
  4309       10.678	1.0
  4310       10.678	1.0
  4311       10.678	1.0
  4312       10.680	1.0
  4313       10.680	1.0
  4314       10.680	1.0
  4315       10.680	1.0
  4316       10.680	1.0
  4317       10.682	1.0
  4318       10.684	1.0
  4319       10.685	1.0
  4320       10.689	1.0
  4321       10.691	1.0
  4322       10.694	1.0
  4323       10.699	1.0
  4324       10.703	1.0
  4325       10.710	1.0
  4326       10.715	1.0
  4327       10.724	1.0
  4328       10.732	1.0
  4329       10.741	1.0
  4330       10.753	1.0
  4331       10.765	1.0
  4332       10.779	1.0
  4333       10.795	1.0
  4334       10.810	1.0
  4335       10.822	1.0
  4336       10.836	1.0
  4337       10.847	1.0
  4338       10.857	1.0
  4339       10.861	1.0
  4340       10.864	1.0
  4341       10.862	1.0
  4342       10.857	1.0
  4343       10.850	1.0
  4344       10.838	1.0
  4345       10.826	1.0
  4346       10.812	1.0
  4347       10.798	1.0
  4348       10.786	1.0
  4349       10.774	1.0
  4350       10.765	1.0
  4351       10.755	1.0
  4352       10.746	1.0
  4353       10.739	1.0
  4354       10.732	1.0
  4355       10.725	1.0
  4356       10.720	1.0
  4357       10.715	1.0
  4358       10.711	1.0
  4359       10.708	1.0
  4360       10.706	1.0
  4361       10.704	1.0
  4362       10.703	1.0
  4363       10.703	1.0
  4364       10.703	1.0
  4365       10.701	1.0
  4366       10.701	1.0
  4367       10.701	1.0
  4368       10.701	1.0
  4369       10.699	1.0
  4370       10.699	1.0
  4371       10.699	1.0
  4372       10.699	1.0
  4373       10.699	1.0
  4374       10.699	1.0
  4375       10.699	1.0
  4376       10.699	1.0
  4377       10.699	1.0
  4378       10.699	1.0
  4379       10.701	1.0
  4380       10.701	1.0
  4381       10.701	1.0
  4382       10.701	1.0
  4383       10.703	1.0
  4384       10.703	1.0
  4385       10.704	1.0
  4386       10.706	1.0
  4387       10.706	1.0
  4388       10.708	1.0
  4389       10.708	1.0
  4390       10.710	1.0
  4391       10.710	1.0
  4392       10.711	1.0
  4393       10.713	1.0
  4394       10.713	1.0
  4395       10.713	1.0
  4396       10.715	1.0
  4397       10.715	1.0
  4398       10.715	1.0
  4399       10.715	1.0
  4400       10.715	1.0
  4401       10.717	1.0
  4402       10.717	1.0
  4403       10.718	1.0
  4404       10.718	1.0
  4405       10.720	1.0
  4406       10.720	1.0
  4407       10.722	1.0
  4408       10.722	1.0
  4409       10.722	1.0
  4410       10.724	1.0
  4411       10.725	1.0
  4412       10.725	1.0
  4413       10.725	1.0
  4414       10.727	1.0
  4415       10.727	1.0
  4416       10.727	1.0
  4417       10.729	1.0
  4418       10.729	1.0
  4419       10.730	1.0
  4420       10.732	1.0
  4421       10.732	1.0
  4422       10.732	1.0
  4423       10.732	1.0
  4424       10.734	1.0
  4425       10.734	1.0
  4426       10.734	1.0
  4427       10.734	1.0
  4428       10.734	1.0
  4429       10.734	1.0
  4430       10.736	1.0
  4431       10.736	1.0
  4432       10.736	1.0
  4433       10.737	1.0
  4434       10.739	1.0
  4435       10.739	1.0
  4436       10.739	1.0
  4437       10.739	1.0
  4438       10.739	1.0
  4439       10.739	1.0
  4440       10.741	1.0
  4441       10.741	1.0
  4442       10.741	1.0
  4443       10.741	1.0
  4444       10.741	1.0
  4445       10.741	1.0
  4446       10.743	1.0
  4447       10.743	1.0
  4448       10.743	1.0
  4449       10.744	1.0
  4450       10.744	1.0
  4451       10.744	1.0
  4452       10.744	1.0
  4453       10.746	1.0
  4454       10.746	1.0
  4455       10.748	1.0
  4456       10.748	1.0
  4457       10.748	1.0
  4458       10.750	1.0
  4459       10.750	1.0
  4460       10.751	1.0
  4461       10.751	1.0
  4462       10.751	1.0
  4463       10.753	1.0
  4464       10.753	1.0
  4465       10.755	1.0
  4466       10.755	1.0
  4467       10.755	1.0
  4468       10.757	1.0
  4469       10.758	1.0
  4470       10.758	1.0
  4471       10.760	1.0
  4472       10.760	1.0
  4473       10.762	1.0
  4474       10.763	1.0
  4475       10.765	1.0
  4476       10.765	1.0
  4477       10.767	1.0
  4478       10.767	1.0
  4479       10.767	1.0
  4480       10.767	1.0
  4481       10.767	1.0
  4482       10.769	1.0
  4483       10.769	1.0
  4484       10.769	1.0
  4485       10.770	1.0
  4486       10.772	1.0
  4487       10.772	1.0
  4488       10.772	1.0
  4489       10.774	1.0
  4490       10.774	1.0
  4491       10.774	1.0
  4492       10.774	1.0
  4493       10.774	1.0
  4494       10.774	1.0
  4495       10.774	1.0
  4496       10.774	1.0
  4497       10.776	1.0
  4498       10.777	1.0
  4499       10.777	1.0
  4500       10.777	1.0
  4501       10.779	1.0
  4502       10.779	1.0
  4503       10.779	1.0
  4504       10.781	1.0
  4505       10.781	1.0
  4506       10.781	1.0
  4507       10.781	1.0
  4508       10.783	1.0
  4509       10.784	1.0
  4510       10.784	1.0
  4511       10.784	1.0
  4512       10.784	1.0
  4513       10.784	1.0
  4514       10.784	1.0
  4515       10.784	1.0
  4516       10.786	1.0
  4517       10.786	1.0
  4518       10.784	1.0
  4519       10.784	1.0
  4520       10.784	1.0
  4521       10.784	1.0
  4522       10.784	1.0
  4523       10.784	1.0
  4524       10.784	1.0
  4525       10.784	1.0
  4526       10.784	1.0
  4527       10.784	1.0
  4528       10.784	1.0
  4529       10.784	1.0
  4530       10.786	1.0
  4531       10.786	1.0
  4532       10.786	1.0
  4533       10.788	1.0
  4534       10.791	1.0
  4535       10.793	1.0
  4536       10.795	1.0
  4537       10.798	1.0
  4538       10.800	1.0
  4539       10.802	1.0
  4540       10.802	1.0
  4541       10.802	1.0
  4542       10.802	1.0
  4543       10.802	1.0
  4544       10.802	1.0
  4545       10.800	1.0
  4546       10.800	1.0
  4547       10.798	1.0
  4548       10.798	1.0
  4549       10.796	1.0
  4550       10.796	1.0
  4551       10.795	1.0
  4552       10.795	1.0
  4553       10.795	1.0
  4554       10.795	1.0
  4555       10.795	1.0
  4556       10.795	1.0
  4557       10.796	1.0
  4558       10.796	1.0
  4559       10.798	1.0
  4560       10.798	1.0
  4561       10.800	1.0
  4562       10.800	1.0
  4563       10.800	1.0
  4564       10.802	1.0
  4565       10.802	1.0
  4566       10.802	1.0
  4567       10.802	1.0
  4568       10.802	1.0
  4569       10.802	1.0
  4570       10.802	1.0
  4571       10.803	1.0
  4572       10.805	1.0
  4573       10.805	1.0
  4574       10.805	1.0
  4575       10.807	1.0
  4576       10.807	1.0
  4577       10.807	1.0
  4578       10.807	1.0
  4579       10.807	1.0
  4580       10.807	1.0
  4581       10.807	1.0
  4582       10.807	1.0
  4583       10.807	1.0
  4584       10.809	1.0
  4585       10.810	1.0
  4586       10.810	1.0
  4587       10.810	1.0
  4588       10.812	1.0
  4589       10.812	1.0
  4590       10.812	1.0
  4591       10.814	1.0
  4592       10.814	1.0
  4593       10.816	1.0
  4594       10.817	1.0
  4595       10.819	1.0
  4596       10.819	1.0
  4597       10.821	1.0
  4598       10.821	1.0
  4599       10.821	1.0
  4600       10.822	1.0
  4601       10.824	1.0
  4602       10.824	1.0
  4603       10.826	1.0
  4604       10.826	1.0
  4605       10.828	1.0
  4606       10.828	1.0
  4607       10.828	1.0
  4608       10.828	1.0
  4609       10.829	1.0
  4610       10.829	1.0
  4611       10.831	1.0
  4612       10.831	1.0
  4613       10.831	1.0
  4614       10.831	1.0
  4615       10.831	1.0
  4616       10.831	1.0
  4617       10.831	1.0
  4618       10.831	1.0
  4619       10.833	1.0
  4620       10.833	1.0
  4621       10.833	1.0
  4622       10.833	1.0
  4623       10.835	1.0
  4624       10.835	1.0
  4625       10.835	1.0
  4626       10.835	1.0
  4627       10.835	1.0
  4628       10.835	1.0
  4629       10.836	1.0
  4630       10.836	1.0
  4631       10.836	1.0
  4632       10.836	1.0
  4633       10.838	1.0
  4634       10.838	1.0
  4635       10.838	1.0
  4636       10.838	1.0
  4637       10.840	1.0
  4638       10.840	1.0
  4639       10.840	1.0
  4640       10.840	1.0
  4641       10.840	1.0
  4642       10.840	1.0
  4643       10.840	1.0
  4644       10.842	1.0
  4645       10.843	1.0
  4646       10.843	1.0
  4647       10.843	1.0
  4648       10.843	1.0
  4649       10.845	1.0
  4650       10.845	1.0
  4651       10.845	1.0
  4652       10.847	1.0
  4653       10.847	1.0
  4654       10.849	1.0
  4655       10.850	1.0
  4656       10.850	1.0
  4657       10.852	1.0
  4658       10.852	1.0
  4659       10.854	1.0
  4660       10.854	1.0
  4661       10.854	1.0
  4662       10.855	1.0
  4663       10.855	1.0
  4664       10.857	1.0
  4665       10.857	1.0
  4666       10.857	1.0
  4667       10.859	1.0
  4668       10.859	1.0
  4669       10.861	1.0
  4670       10.862	1.0
  4671       10.864	1.0
  4672       10.868	1.0
  4673       10.871	1.0
  4674       10.876	1.0
  4675       10.880	1.0
  4676       10.885	1.0
  4677       10.892	1.0
  4678       10.899	1.0
  4679       10.906	1.0
  4680       10.915	1.0
  4681       10.923	1.0
  4682       10.932	1.0
  4683       10.942	1.0
  4684       10.946	1.0
  4685       10.949	1.0
  4686       10.947	1.0
  4687       10.946	1.0
  4688       10.942	1.0
  4689       10.935	1.0
  4690       10.930	1.0
  4691       10.923	1.0
  4692       10.916	1.0
  4693       10.909	1.0
  4694       10.902	1.0
  4695       10.897	1.0
  4696       10.892	1.0
  4697       10.888	1.0
  4698       10.885	1.0
  4699       10.883	1.0
  4700       10.890	1.0
  4702       10.894	1.0
  4704       10.892	1.0
  4706       10.888	1.0
  4708       10.887	1.0
  4710       10.885	1.0
  4712       10.885	1.0
  4714       10.885	1.0
  4716       10.885	1.0
  4718       10.883	1.0
  4720       10.883	1.0
  4722       10.885	1.0
  4724       10.885	1.0
  4726       10.885	1.0
  4728       10.887	1.0
  4730       10.887	1.0
  4732       10.888	1.0
  4734       10.888	1.0
  4736       10.888	1.0
  4738       10.890	1.0
  4740       10.890	1.0
  4742       10.890	1.0
  4744       10.892	1.0
  4746       10.892	1.0
  4748       10.894	1.0
  4750       10.894	1.0
  4752       10.895	1.0
  4754       10.897	1.0
  4756       10.897	1.0
  4758       10.897	1.0
  4760       10.899	1.0
  4762       10.899	1.0
  4764       10.901	1.0
  4766       10.902	1.0
  4768       10.904	1.0
  4770       10.906	1.0
  4772       10.908	1.0
  4774       10.909	1.0
  4776       10.911	1.0
  4778       10.913	1.0
  4780       10.913	1.0
  4782       10.913	1.0
  4784       10.913	1.0
  4786       10.915	1.0
  4788       10.916	1.0
  4790       10.916	1.0
  4792       10.916	1.0
  4794       10.918	1.0
  4796       10.918	1.0
  4798       10.920	1.0
  4800       10.920	1.0
  4802       10.921	1.0
  4804       10.923	1.0
  4806       10.923	1.0
  4808       10.923	1.0
  4810       10.925	1.0
  4812       10.925	1.0
  4814       10.927	1.0
  4816       10.927	1.0
  4818       10.928	1.0
  4820       10.930	1.0
  4822       10.930	1.0
  4824       10.930	1.0
  4826       10.930	1.0
  4828       10.930	1.0
  4830       10.930	1.0
  4832       10.932	1.0
  4834       10.934	1.0
  4836       10.935	1.0
  4838       10.937	1.0
  4840       10.942	1.0
  4842       10.946	1.0
  4844       10.953	1.0
  4846       10.961	1.0
  4848       10.970	1.0
  4850       10.979	1.0
  4852       10.993	1.0
  4854       11.005	1.0
  4856       11.017	1.0
  4858       11.029	1.0
  4860       11.041	1.0
  4862       11.050	1.0
  4864       11.052	1.0
  4866       11.055	1.0
  4868       11.055	1.0
  4870       11.045	1.0
  4872       11.036	1.0
  4874       11.024	1.0
  4876       11.010	1.0
  4878       10.996	1.0
  4880       10.982	1.0
  4882       10.974	1.0
  4884       10.963	1.0
  4886       10.956	1.0
  4888       10.954	1.0
  4890       10.953	1.0
  4892       10.951	1.0
  4894       10.953	1.0
  4896       10.954	1.0
  4898       10.956	1.0
  4900       10.958	1.0
  4902       10.960	1.0
  4904       10.960	1.0
  4906       10.961	1.0
  4908       10.963	1.0
  4910       10.965	1.0
  4912       10.965	1.0
  4914       10.967	1.0
  4916       10.968	1.0
  4918       10.968	1.0
  4920       10.968	1.0
  4922       10.968	1.0
  4924       10.967	1.0
  4926       10.967	1.0
  4928       10.965	1.0
  4930       10.967	1.0
  4932       10.967	1.0
  4934       10.967	1.0
  4936       10.968	1.0
  4938       10.970	1.0
  4940       10.970	1.0
  4942       10.970	1.0
  4944       10.972	1.0
  4946       10.972	1.0
  4948       10.972	1.0
  4950       10.972	1.0
  4952       10.974	1.0
  4954       10.975	1.0
  4956       10.975	1.0
  4958       10.977	1.0
  4960       10.977	1.0
  4962       10.979	1.0
  4964       10.980	1.0
  4966       10.982	1.0
  4968       10.982	1.0
  4970       10.984	1.0
  4972       10.984	1.0
  4974       10.986	1.0
  4976       10.986	1.0
  4978       10.986	1.0
  4980       10.987	1.0
  4982       10.989	1.0
  4984       10.989	1.0
  4986       10.991	1.0
  4988       10.991	1.0
  4990       10.991	1.0
  4992       10.993	1.0
  4994       10.993	1.0
  4996       10.993	1.0
  4998       10.993	1.0
  5000       10.994	1.0
  5002       10.994	1.0
  5004       10.996	1.0
  5006       10.996	1.0
  5008       10.996	1.0
  5010       10.996	1.0
  5012       10.998	1.0
  5014       10.998	1.0
  5016       10.998	1.0
  5018       10.998	1.0
  5020       11.000	1.0
  5022       11.001	1.0
  5024       11.003	1.0
  5026       11.003	1.0
  5028       11.005	1.0
  5030       11.005	1.0
  5032       11.005	1.0
  5034       11.007	1.0
  5036       11.008	1.0
  5038       11.008	1.0
  5040       11.010	1.0
  5042       11.012	1.0
  5044       11.012	1.0
  5046       11.013	1.0
  5048       11.015	1.0
  5050       11.015	1.0
  5052       11.017	1.0
  5054       11.017	1.0
  5056       11.019	1.0
  5058       11.019	1.0
  5060       11.019	1.0
  5062       11.019	1.0
  5064       11.020	1.0
  5066       11.022	1.0
  5068       11.022	1.0
  5070       11.022	1.0
  5072       11.022	1.0
  5074       11.024	1.0
  5076       11.026	1.0
  5078       11.027	1.0
  5080       11.027	1.0
  5082       11.029	1.0
  5084       11.029	1.0
  5086       11.031	1.0
  5088       11.031	1.0
  5090       11.033	1.0
  5092       11.034	1.0
  5094       11.034	1.0
  5096       11.036	1.0
  5098       11.036	1.0
  5100       11.038	1.0
  5102       11.038	1.0
  5104       11.038	1.0
  5106       11.040	1.0
  5108       11.040	1.0
  5110       11.041	1.0
  5112       11.041	1.0
  5114       11.041	1.0
  5116       11.043	1.0
  5118       11.043	1.0
  5120       11.045	1.0
  5122       11.045	1.0
  5124       11.045	1.0
  5126       11.046	1.0
  5128       11.046	1.0
  5130       11.048	1.0
  5132       11.048	1.0
  5134       11.048	1.0
  5136       11.048	1.0
  5138       11.050	1.0
  5140       11.050	1.0
  5142       11.050	1.0
  5144       11.052	1.0
  5146       11.052	1.0
  5148       11.052	1.0
  5150       11.054	1.0
  5152       11.054	1.0
  5154       11.055	1.0
  5156       11.055	1.0
  5158       11.056	1.0
  5160       11.057	1.0
  5162       11.058	1.0
  5164       11.058	1.0
  5166       11.059	1.0
  5168       11.060	1.0
  5170       11.060	1.0
  5172       11.061	1.0
  5174       11.062	1.0
  5176       11.062	1.0
  5178       11.063	1.0
  5180       11.064	1.0
  5182       11.064	1.0
  5184       11.065	1.0
  5186       11.066	1.0
  5188       11.067	1.0
  5190       11.067	1.0
  5192       11.068	1.0
  5194       11.069	1.0
  5196       11.069	1.0
  5198       11.070	1.0
  5200       11.071	1.0
  5202       11.072	1.0
  5204       11.072	1.0
  5206       11.073	1.0
  5208       11.074	1.0
  5210       11.075	1.0
  5212       11.076	1.0
  5214       11.076	1.0
  5216       11.078	1.0
  5218       11.078	1.0
  5220       11.078	1.0
  5222       11.079	1.0
  5224       11.079	1.0
  5226       11.081	1.0
  5228       11.081	1.0
  5230       11.081	1.0
  5232       11.083	1.0
  5234       11.083	1.0
  5236       11.085	1.0
  5238       11.086	1.0
  5240       11.088	1.0
  5242       11.088	1.0
  5244       11.090	1.0
  5246       11.090	1.0
  5248       11.090	1.0
  5250       11.092	1.0
  5252       11.092	1.0
  5254       11.093	1.0
  5256       11.093	1.0
  5258       11.093	1.0
  5260       11.093	1.0
  5262       11.093	1.0
  5264       11.093	1.0
  5266       11.093	1.0
  5268       11.093	1.0
  5270       11.093	1.0
  5272       11.093	1.0
  5274       11.095	1.0
  5276       11.095	1.0
  5278       11.097	1.0
  5280       11.097	1.0
  5282       11.099	1.0
  5284       11.100	1.0
  5286       11.102	1.0
  5288       11.104	1.0
  5290       11.105	1.0
  5292       11.107	1.0
  5294       11.109	1.0
  5296       11.109	1.0
  5298       11.111	1.0
  5300       11.111	1.0
  5302       11.112	1.0
  5304       11.114	1.0
  5306       11.114	1.0
  5308       11.116	1.0
  5310       11.116	1.0
  5312       11.116	1.0
  5314       11.116	1.0
  5316       11.118	1.0
  5318       11.118	1.0
  5320       11.118	1.0
  5322       11.119	1.0
  5324       11.119	1.0
  5326       11.119	1.0
  5328       11.119	1.0
  5330       11.121	1.0
  5332       11.121	1.0
  5334       11.123	1.0
  5336       11.123	1.0
  5338       11.125	1.0
  5340       11.126	1.0
  5342       11.126	1.0
  5344       11.128	1.0
  5346       11.128	1.0
  5348       11.130	1.0
  5350       11.130	1.0
  5352       11.133	1.0
  5354       11.133	1.0
  5356       11.133	1.0
  5358       11.135	1.0
  5360       11.135	1.0
  5362       11.135	1.0
  5364       11.137	1.0
  5366       11.137	1.0
  5368       11.137	1.0
  5370       11.137	1.0
  5372       11.138	1.0
  5374       11.138	1.0
  5376       11.140	1.0
  5378       11.140	1.0
  5380       11.140	1.0
  5382       11.142	1.0
  5384       11.142	1.0
  5386       11.144	1.0
  5388       11.144	1.0
  5390       11.145	1.0
  5392       11.147	1.0
  5394       11.149	1.0
  5396       11.151	1.0
  5398       11.152	1.0
  5400       11.156	1.0
  5402       11.159	1.0
  5404       11.163	1.0
  5406       11.166	1.0
  5408       11.170	1.0
  5410       11.171	1.0
  5412       11.175	1.0
  5414       11.177	1.0
  5416       11.177	1.0
  5418       11.177	1.0
  5420       11.175	1.0
  5422       11.173	1.0
  5424       11.171	1.0
  5426       11.170	1.0
  5428       11.168	1.0
  5430       11.166	1.0
  5432       11.163	1.0
  5434       11.163	1.0
  5436       11.163	1.0
  5438       11.161	1.0
  5440       11.163	1.0
  5442       11.163	1.0
  5444       11.163	1.0
  5446       11.163	1.0
  5448       11.165	1.0
  5450       11.166	1.0
  5452       11.166	1.0
  5454       11.168	1.0
  5456       11.168	1.0
  5458       11.170	1.0
  5460       11.170	1.0
  5462       11.171	1.0
  5464       11.171	1.0
  5466       11.173	1.0
  5468       11.173	1.0
  5470       11.173	1.0
  5472       11.175	1.0
  5474       11.175	1.0
  5476       11.177	1.0
  5478       11.177	1.0
  5480       11.178	1.0
  5482       11.180	1.0
  5484       11.180	1.0
  5486       11.182	1.0
  5488       11.182	1.0
  5490       11.184	1.0
  5492       11.185	1.0
  5494       11.185	1.0
  5496       11.185	1.0
  5498       11.187	1.0
  5500       11.187	1.0
  5502       11.187	1.0
  5504       11.189	1.0
  5506       11.189	1.0
  5508       11.189	1.0
  5510       11.189	1.0
  5512       11.189	1.0
  5514       11.191	1.0
  5516       11.191	1.0
  5518       11.192	1.0
  5520       11.192	1.0
  5522       11.194	1.0
  5524       11.194	1.0
  5526       11.194	1.0
  5528       11.194	1.0
  5530       11.196	1.0
  5532       11.196	1.0
  5534       11.196	1.0
  5536       11.196	1.0
  5538       11.196	1.0
  5540       11.197	1.0
  5542       11.199	1.0
  5544       11.199	1.0
  5546       11.201	1.0
  5548       11.201	1.0
  5550       11.203	1.0
  5552       11.204	1.0
  5554       11.204	1.0
  5556       11.206	1.0
  5558       11.206	1.0
  5560       11.206	1.0
  5562       11.208	1.0
  5564       11.208	1.0
  5566       11.208	1.0
  5568       11.208	1.0
  5570       11.210	1.0
  5572       11.210	1.0
  5574       11.210	1.0
  5576       11.211	1.0
  5578       11.211	1.0
  5580       11.211	1.0
  5582       11.213	1.0
  5584       11.213	1.0
  5586       11.213	1.0
  5588       11.213	1.0
  5590       11.213	1.0
  5592       11.215	1.0
  5594       11.215	1.0
  5596       11.217	1.0
  5598       11.218	1.0
  5600       11.218	1.0
  5602       11.220	1.0
  5604       11.220	1.0
  5606       11.220	1.0
  5608       11.222	1.0
  5610       11.222	1.0
  5612       11.222	1.0
  5614       11.224	1.0
  5616       11.225	1.0
  5618       11.225	1.0
  5620       11.227	1.0
  5622       11.227	1.0
  5624       11.229	1.0
  5626       11.229	1.0
  5628       11.230	1.0
  5630       11.232	1.0
  5632       11.232	1.0
  5634       11.232	1.0
  5636       11.234	1.0
  5638       11.234	1.0
  5640       11.236	1.0
  5642       11.236	1.0
  5644       11.236	1.0
  5646       11.236	1.0
  5648       11.237	1.0
  5650       11.237	1.0
  5652       11.239	1.0
  5654       11.239	1.0
  5656       11.241	1.0
  5658       11.241	1.0
  5660       11.241	1.0
  5662       11.243	1.0
  5664       11.244	1.0
  5666       11.244	1.0
  5668       11.246	1.0
  5670       11.246	1.0
  5672       11.246	1.0
  5674       11.248	1.0
  5676       11.248	1.0
  5678       11.248	1.0
  5680       11.248	1.0
  5682       11.250	1.0
  5684       11.251	1.0
  5686       11.251	1.0
  5688       11.253	1.0
  5690       11.253	1.0
  5692       11.255	1.0
  5694       11.255	1.0
  5696       11.255	1.0
  5698       11.255	1.0
  5700       11.255	1.0
  5702       11.257	1.0
  5704       11.257	1.0
  5706       11.257	1.0
  5708       11.258	1.0
  5710       11.258	1.0
  5712       11.258	1.0
  5714       11.258	1.0
  5716       11.260	1.0
  5718       11.260	1.0
  5720       11.260	1.0
  5722       11.262	1.0
  5724       11.262	1.0
  5726       11.262	1.0
  5728       11.263	1.0
  5730       11.263	1.0
  5732       11.263	1.0
  5734       11.263	1.0
  5736       11.265	1.0
  5738       11.265	1.0
  5740       11.265	1.0
  5742       11.265	1.0
  5744       11.265	1.0
  5746       11.267	1.0
  5748       11.267	1.0
  5750       11.267	1.0
  5752       11.269	1.0
  5754       11.269	1.0
  5756       11.269	1.0
  5758       11.270	1.0
  5760       11.272	1.0
  5762       11.272	1.0
  5764       11.272	1.0
  5766       11.272	1.0
  5768       11.274	1.0
  5770       11.274	1.0
  5772       11.274	1.0
  5774       11.276	1.0
  5776       11.277	1.0
  5778       11.277	1.0
  5780       11.277	1.0
  5782       11.279	1.0
  5784       11.279	1.0
  5786       11.279	1.0
  5788       11.279	1.0
  5790       11.281	1.0
  5792       11.281	1.0
  5794       11.281	1.0
  5796       11.283	1.0
  5798       11.284	1.0
  5800       11.284	1.0
  5802       11.284	1.0
  5804       11.286	1.0
  5806       11.286	1.0
  5808       11.286	1.0
  5810       11.286	1.0
  5812       11.286	1.0
  5814       11.288	1.0
  5816       11.288	1.0
  5818       11.288	1.0
  5820       11.290	1.0
  5822       11.291	1.0
  5824       11.291	1.0
  5826       11.291	1.0
  5828       11.293	1.0
  5830       11.293	1.0
  5832       11.295	1.0
  5834       11.295	1.0
  5836       11.296	1.0
  5838       11.298	1.0
  5840       11.298	1.0
  5842       11.300	1.0
  5844       11.300	1.0
  5846       11.300	1.0
  5848       11.302	1.0
  5850       11.302	1.0
  5852       11.302	1.0
  5854       11.303	1.0
  5856       11.305	1.0
  5858       11.305	1.0
  5860       11.305	1.0
  5862       11.305	1.0
  5864       11.305	1.0
  5866       11.307	1.0
  5868       11.307	1.0
  5870       11.307	1.0
  5872       11.309	1.0
  5874       11.310	1.0
  5876       11.310	1.0
  5878       11.312	1.0
  5880       11.312	1.0
  5882       11.312	1.0
  5884       11.312	1.0
  5886       11.314	1.0
  5888       11.314	1.0
  5890       11.314	1.0
  5892       11.314	1.0
  5894       11.316	1.0
  5896       11.317	1.0
  5898       11.317	1.0
  5900       11.317	1.0
  5902       11.319	1.0
  5904       11.319	1.0
  5906       11.319	1.0
  5908       11.319	1.0
  5910       11.321	1.0
  5912       11.321	1.0
  5914       11.322	1.0
  5916       11.324	1.0
  5918       11.324	1.0
  5920       11.324	1.0
  5922       11.326	1.0
  5924       11.326	1.0
  5926       11.326	1.0
  5928       11.326	1.0
  5930       11.326	1.0
  5932       11.326	1.0
  5934       11.328	1.0
  5936       11.328	1.0
  5938       11.328	1.0
  5940       11.329	1.0
  5942       11.331	1.0
  5944       11.331	1.0
  5946       11.331	1.0
  5948       11.333	1.0
  5950       11.333	1.0
  5952       11.333	1.0
  5954       11.333	1.0
  5956       11.335	1.0
  5958       11.335	1.0
  5960       11.335	1.0
  5962       11.335	1.0
  5964       11.336	1.0
  5966       11.338	1.0
  5968       11.338	1.0
  5970       11.338	1.0
  5972       11.338	1.0
  5974       11.340	1.0
  5976       11.340	1.0
  5978       11.340	1.0
  5980       11.340	1.0
  5982       11.342	1.0
  5984       11.342	1.0
  5986       11.343	1.0
  5988       11.343	1.0
  5990       11.343	1.0
  5992       11.343	1.0
  5994       11.345	1.0
  5996       11.345	1.0
  5998       11.345	1.0
  6000       11.345	1.0
  6002       11.347	1.0
  6004       11.347	1.0
  6006       11.347	1.0
  6008       11.349	1.0
  6010       11.350	1.0
  6012       11.350	1.0
  6014       11.350	1.0
  6016       11.350	1.0
  6018       11.352	1.0
  6020       11.352	1.0
  6022       11.352	1.0
  6024       11.354	1.0
  6026       11.354	1.0
  6028       11.354	1.0
  6030       11.355	1.0
  6032       11.355	1.0
  6034       11.357	1.0
  6036       11.357	1.0
  6038       11.357	1.0
  6040       11.359	1.0
  6042       11.359	1.0
  6044       11.359	1.0
  6046       11.359	1.0
  6048       11.361	1.0
  6050       11.361	1.0
  6052       11.361	1.0
  6054       11.361	1.0
  6056       11.362	1.0
  6058       11.364	1.0
  6060       11.364	1.0
  6062       11.364	1.0
  6064       11.366	1.0
  6066       11.366	1.0
  6068       11.366	1.0
  6070       11.366	1.0
  6072       11.368	1.0
  6074       11.369	1.0
  6076       11.369	1.0
  6078       11.369	1.0
  6080       11.369	1.0
  6082       11.371	1.0
  6084       11.371	1.0
  6086       11.371	1.0
  6088       11.373	1.0
  6090       11.373	1.0
  6092       11.373	1.0
  6094       11.375	1.0
  6096       11.375	1.0
  6098       11.376	1.0
  6100       11.376	1.0
  6102       11.376	1.0
  6104       11.376	1.0
  6106       11.378	1.0
  6108       11.378	1.0
  6110       11.378	1.0
  6112       11.380	1.0
  6114       11.380	1.0
  6116       11.380	1.0
  6118       11.382	1.0
  6120       11.382	1.0
  6122       11.383	1.0
  6124       11.383	1.0
  6126       11.383	1.0
  6128       11.383	1.0
  6130       11.383	1.0
  6132       11.385	1.0
  6134       11.385	1.0
  6136       11.385	1.0
  6138       11.387	1.0
  6140       11.387	1.0
  6142       11.387	1.0
  6144       11.388	1.0
  6146       11.390	1.0
  6148       11.390	1.0
  6150       11.392	1.0
  6152       11.392	1.0
  6154       11.392	1.0
  6156       11.394	1.0
  6158       11.394	1.0
  6160       11.395	1.0
  6162       11.397	1.0
  6164       11.399	1.0
  6166       11.399	1.0
  6168       11.401	1.0
  6170       11.401	1.0
  6172       11.402	1.0
  6174       11.402	1.0
  6176       11.402	1.0
  6178       11.404	1.0
  6180       11.404	1.0
  6182       11.406	1.0
  6184       11.406	1.0
  6186       11.408	1.0
  6188       11.409	1.0
  6190       11.409	1.0
  6192       11.411	1.0
  6194       11.411	1.0
  6196       11.411	1.0
  6198       11.413	1.0
  6200       11.413	1.0
  6202       11.413	1.0
  6204       11.413	1.0
  6206       11.415	1.0
  6208       11.416	1.0
  6210       11.416	1.0
  6212       11.416	1.0
  6214       11.418	1.0
  6216       11.420	1.0
  6218       11.420	1.0
  6220       11.421	1.0
  6222       11.423	1.0
  6224       11.423	1.0
  6226       11.425	1.0
  6228       11.425	1.0
  6230       11.425	1.0
  6232       11.427	1.0
  6234       11.427	1.0
  6236       11.427	1.0
  6238       11.427	1.0
  6240       11.427	1.0
  6242       11.427	1.0
  6244       11.427	1.0
  6246       11.428	1.0
  6248       11.428	1.0
  6250       11.430	1.0
  6252       11.430	1.0
  6254       11.430	1.0
  6256       11.432	1.0
  6258       11.432	1.0
  6260       11.432	1.0
  6262       11.432	1.0
  6264       11.432	1.0
  6266       11.434	1.0
  6268       11.435	1.0
  6270       11.435	1.0
  6272       11.437	1.0
  6274       11.437	1.0
  6276       11.439	1.0
  6278       11.441	1.0
  6280       11.442	1.0
  6282       11.442	1.0
  6284       11.442	1.0
  6286       11.442	1.0
  6288       11.442	1.0
  6290       11.442	1.0
  6292       11.444	1.0
  6294       11.444	1.0
  6296       11.444	1.0
  6298       11.444	1.0
  6300       11.446	1.0
  6302       11.446	1.0
  6304       11.446	1.0
  6306       11.446	1.0
  6308       11.446	1.0
  6310       11.446	1.0
  6312       11.446	1.0
  6314       11.446	1.0
  6316       11.447	1.0
  6318       11.447	1.0
  6320       11.449	1.0
  6322       11.449	1.0
  6324       11.449	1.0
  6326       11.449	1.0
  6328       11.449	1.0
  6330       11.449	1.0
  6332       11.451	1.0
  6334       11.451	1.0
  6336       11.451	1.0
  6338       11.453	1.0
  6340       11.453	1.0
  6342       11.454	1.0
  6344       11.456	1.0
  6346       11.456	1.0
  6348       11.458	1.0
  6350       11.458	1.0
  6352       11.460	1.0
  6354       11.460	1.0
  6356       11.460	1.0
  6358       11.461	1.0
  6360       11.461	1.0
  6362       11.461	1.0
  6364       11.463	1.0
  6366       11.463	1.0
  6368       11.463	1.0
  6370       11.465	1.0
  6372       11.465	1.0
  6374       11.465	1.0
  6376       11.467	1.0
  6378       11.468	1.0
  6380       11.468	1.0
  6382       11.470	1.0
  6384       11.470	1.0
  6386       11.470	1.0
  6388       11.472	1.0
  6390       11.472	1.0
  6392       11.472	1.0
  6394       11.474	1.0
  6396       11.472	1.0
  6398       11.472	1.0
  6400       11.472	1.0
  6402       11.472	1.0
  6404       11.472	1.0
  6406       11.472	1.0
  6408       11.474	1.0
  6410       11.474	1.0
  6412       11.474	1.0
  6414       11.474	1.0
  6416       11.475	1.0
  6418       11.475	1.0
  6420       11.475	1.0
  6422       11.477	1.0
  6424       11.477	1.0
  6426       11.477	1.0
  6428       11.479	1.0
  6430       11.479	1.0
  6432       11.479	1.0
  6434       11.479	1.0
  6436       11.479	1.0
  6438       11.480	1.0
  6440       11.480	1.0
  6442       11.480	1.0
  6444       11.482	1.0
  6446       11.482	1.0
  6448       11.482	1.0
  6450       11.482	1.0
  6452       11.482	1.0
  6454       11.482	1.0
  6456       11.484	1.0
  6458       11.484	1.0
  6460       11.484	1.0
  6462       11.486	1.0
  6464       11.486	1.0
  6466       11.486	1.0
  6468       11.487	1.0
  6470       11.489	1.0
  6472       11.489	1.0
  6474       11.489	1.0
  6476       11.491	1.0
  6478       11.491	1.0
  6480       11.491	1.0
  6482       11.493	1.0
  6484       11.494	1.0
  6486       11.494	1.0
  6488       11.496	1.0
  6490       11.496	1.0
  6492       11.498	1.0
  6494       11.500	1.0
  6496       11.501	1.0
  6498       11.503	1.0
  6500       11.503	1.0
  6502       11.505	1.0
  6504       11.508	1.0
  6506       11.510	1.0
  6508       11.513	1.0
  6510       11.517	1.0
  6512       11.520	1.0
  6514       11.524	1.0
  6516       11.527	1.0
  6518       11.529	1.0
  6520       11.534	1.0
  6522       11.536	1.0
  6524       11.538	1.0
  6526       11.541	1.0
  6528       11.543	1.0
  6530       11.545	1.0
  6532       11.548	1.0
  6534       11.550	1.0
  6536       11.553	1.0
  6538       11.557	1.0
  6540       11.560	1.0
  6542       11.567	1.0
  6544       11.574	1.0
  6546       11.581	1.0
  6548       11.593	1.0
  6550       11.602	1.0
  6552       11.614	1.0
  6554       11.628	1.0
  6556       11.640	1.0
  6558       11.652	1.0
  6560       11.663	1.0
  6562       11.673	1.0
  6564       11.680	1.0
  6566       11.680	1.0
  6568       11.680	1.0
  6570       11.677	1.0
  6572       11.668	1.0
  6574       11.658	1.0
  6576       11.647	1.0
  6578       11.635	1.0
  6580       11.623	1.0
  6582       11.611	1.0
  6584       11.602	1.0
  6586       11.593	1.0
  6588       11.585	1.0
  6590       11.578	1.0
  6592       11.574	1.0
  6594       11.569	1.0
  6596       11.564	1.0
  6598       11.562	1.0
  6600       11.559	1.0
  6602       11.557	1.0
  6604       11.553	1.0
  6606       11.552	1.0
  6608       11.550	1.0
  6610       11.548	1.0
  6612       11.546	1.0
  6614       11.545	1.0
  6616       11.545	1.0
  6618       11.543	1.0
  6620       11.543	1.0
  6622       11.543	1.0
  6624       11.543	1.0
  6626       11.543	1.0
  6628       11.543	1.0
  6630       11.543	1.0
  6632       11.543	1.0
  6634       11.543	1.0
  6636       11.543	1.0
  6638       11.543	1.0
  6640       11.543	1.0
  6642       11.545	1.0
  6644       11.545	1.0
  6646       11.545	1.0
  6648       11.545	1.0
  6650       11.545	1.0
  6652       11.546	1.0
  6654       11.546	1.0
  6656       11.548	1.0
  6658       11.548	1.0
  6660       11.548	1.0
  6662       11.550	1.0
  6664       11.550	1.0
  6666       11.552	1.0
  6668       11.552	1.0
  6670       11.552	1.0
  6672       11.553	1.0
  6674       11.553	1.0
  6676       11.555	1.0
  6678       11.555	1.0
  6680       11.555	1.0
  6682       11.555	1.0
  6684       11.555	1.0
  6686       11.557	1.0
  6688       11.557	1.0
  6690       11.557	1.0
  6692       11.559	1.0
  6694       11.560	1.0
  6696       11.560	1.0
  6698       11.560	1.0
  6700       11.562	1.0
  6702       11.562	1.0
  6704       11.564	1.0
  6706       11.564	1.0
  6708       11.566	1.0
  6710       11.567	1.0
  6712       11.567	1.0
  6714       11.569	1.0
  6716       11.569	1.0
  6718       11.571	1.0
  6720       11.571	1.0
  6722       11.571	1.0
  6724       11.572	1.0
  6726       11.572	1.0
  6728       11.574	1.0
  6730       11.574	1.0
  6732       11.574	1.0
  6734       11.574	1.0
  6736       11.574	1.0
  6738       11.574	1.0
  6740       11.574	1.0
  6742       11.576	1.0
  6744       11.576	1.0
  6746       11.576	1.0
  6748       11.576	1.0
  6750       11.578	1.0
  6752       11.578	1.0
  6754       11.578	1.0
  6756       11.579	1.0
  6758       11.581	1.0
  6760       11.581	1.0
  6762       11.581	1.0
  6764       11.583	1.0
  6766       11.583	1.0
  6768       11.583	1.0
  6770       11.583	1.0
  6772       11.583	1.0
  6774       11.583	1.0
  6776       11.583	1.0
  6778       11.583	1.0
  6780       11.583	1.0
  6782       11.583	1.0
  6784       11.585	1.0
  6786       11.585	1.0
  6788       11.585	1.0
  6790       11.586	1.0
  6792       11.586	1.0
  6794       11.588	1.0
  6796       11.588	1.0
  6798       11.590	1.0
  6800       11.590	1.0
  6802       11.590	1.0
  6804       11.592	1.0
  6806       11.592	1.0
  6808       11.593	1.0
  6810       11.593	1.0
  6812       11.595	1.0
  6814       11.595	1.0
  6816       11.597	1.0
  6818       11.597	1.0
  6820       11.597	1.0
  6822       11.597	1.0
  6824       11.597	1.0
  6826       11.597	1.0
  6828       11.597	1.0
  6830       11.597	1.0
  6832       11.597	1.0
  6834       11.599	1.0
  6836       11.599	1.0
  6838       11.600	1.0
  6840       11.600	1.0
  6842       11.600	1.0
  6844       11.600	1.0
  6846       11.601	1.0
  6848       11.601	1.0
  6850       11.601	1.0
  6852       11.602	1.0
  6854       11.602	1.0
  6856       11.602	1.0
  6858       11.603	1.0
  6860       11.603	1.0
  6862       11.604	1.0
  6864       11.604	1.0
  6866       11.604	1.0
  6868       11.605	1.0
  6870       11.605	1.0
  6872       11.605	1.0
  6874       11.606	1.0
  6876       11.606	1.0
  6878       11.607	1.0
  6880       11.607	1.0
  6882       11.607	1.0
  6884       11.608	1.0
  6886       11.608	1.0
  6888       11.609	1.0
  6890       11.609	1.0
  6892       11.609	1.0
  6894       11.610	1.0
  6896       11.610	1.0
  6898       11.611	1.0
  6900       11.611	1.0
  6902       11.612	1.0
  6904       11.612	1.0
  6906       11.612	1.0
  6908       11.613	1.0
  6910       11.613	1.0
  6912       11.614	1.0
  6914       11.614	1.0
  6916       11.615	1.0
  6918       11.615	1.0
  6920       11.616	1.0
  6922       11.616	1.0
  6924       11.616	1.0
  6926       11.617	1.0
  6928       11.617	1.0
  6930       11.618	1.0
  6932       11.618	1.0
  6934       11.619	1.0
  6936       11.619	1.0
  6938       11.620	1.0
  6940       11.620	1.0
  6942       11.621	1.0
  6944       11.621	1.0
  6946       11.622	1.0
  6948       11.622	1.0
  6950       11.623	1.0
  6952       11.623	1.0
  6954       11.623	1.0
  6956       11.625	1.0
  6958       11.626	1.0
  6960       11.626	1.0
  6962       11.626	1.0
  6964       11.628	1.0
  6966       11.628	1.0
  6968       11.628	1.0
  6970       11.628	1.0
  6972       11.628	1.0
  6974       11.628	1.0
  6976       11.628	1.0
  6978       11.630	1.0
  6980       11.630	1.0
  6982       11.630	1.0
  6984       11.630	1.0
  6986       11.630	1.0
  6988       11.630	1.0
  6990       11.630	1.0
  6992       11.630	1.0
  6994       11.630	1.0
  6996       11.630	1.0
  6998       11.632	1.0
  7000       11.632	1.0
  7002       11.632	1.0
  7004       11.632	1.0
  7006       11.633	1.0
  7008       11.633	1.0
  7010       11.633	1.0
  7012       11.633	1.0
  7014       11.633	1.0
  7016       11.635	1.0
  7018       11.635	1.0
  7020       11.635	1.0
  7022       11.637	1.0
  7024       11.637	1.0
  7026       11.638	1.0
  7028       11.638	1.0
  7030       11.638	1.0
  7032       11.638	1.0
  7034       11.638	1.0
  7036       11.638	1.0
  7038       11.637	1.0
  7040       11.637	1.0
  7042       11.637	1.0
  7044       11.637	1.0
  7046       11.637	1.0
  7048       11.638	1.0
  7050       11.638	1.0
  7052       11.640	1.0
  7054       11.642	1.0
  7056       11.642	1.0
  7058       11.644	1.0
  7060       11.644	1.0
  7062       11.645	1.0
  7064       11.647	1.0
  7066       11.647	1.0
  7068       11.649	1.0
  7070       11.649	1.0
  7072       11.651	1.0
  7074       11.652	1.0
  7076       11.652	1.0
  7078       11.654	1.0
  7080       11.654	1.0
  7082       11.656	1.0
  7084       11.656	1.0
  7086       11.656	1.0
  7088       11.656	1.0
  7090       11.658	1.0
  7092       11.659	1.0
  7094       11.659	1.0
  7096       11.659	1.0
  7098       11.659	1.0
  7100       11.661	1.0
  7102       11.661	1.0
  7104       11.661	1.0
  7106       11.661	1.0
  7108       11.661	1.0
  7110       11.661	1.0
  7112       11.661	1.0
  7114       11.663	1.0
  7116       11.663	1.0
  7118       11.663	1.0
  7120       11.666	1.0
  7122       11.666	1.0
  7124       11.668	1.0
  7126       11.670	1.0
  7128       11.671	1.0
  7130       11.673	1.0
  7132       11.673	1.0
  7134       11.675	1.0
  7136       11.677	1.0
  7138       11.677	1.0
  7140       11.678	1.0
  7142       11.680	1.0
  7144       11.680	1.0
  7146       11.680	1.0
  7148       11.680	1.0
  7150       11.680	1.0
  7152       11.680	1.0
  7154       11.678	1.0
  7156       11.678	1.0
  7158       11.678	1.0
  7160       11.678	1.0
  7162       11.678	1.0
  7164       11.677	1.0
  7166       11.677	1.0
  7168       11.678	1.0
  7170       11.678	1.0
  7172       11.678	1.0
  7174       11.680	1.0
  7176       11.680	1.0
  7178       11.680	1.0
  7180       11.680	1.0
  7182       11.682	1.0
  7184       11.682	1.0
  7186       11.684	1.0
  7188       11.685	1.0
  7190       11.685	1.0
  7192       11.687	1.0
  7194       11.689	1.0
  7196       11.689	1.0
  7198       11.689	1.0
  7200       11.691	1.0
  7202       11.692	1.0
  7204       11.692	1.0
  7206       11.692	1.0
  7208       11.694	1.0
  7210       11.692	1.0
  7212       11.691	1.0
  7214       11.689	1.0
  7216       11.689	1.0
  7218       11.687	1.0
  7220       11.687	1.0
  7222       11.687	1.0
  7224       11.687	1.0
  7226       11.687	1.0
  7228       11.689	1.0
  7230       11.689	1.0
  7232       11.689	1.0
  7234       11.689	1.0
  7236       11.689	1.0
  7238       11.691	1.0
  7240       11.691	1.0
  7242       11.691	1.0
  7244       11.691	1.0
  7246       11.691	1.0
  7248       11.691	1.0
  7250       11.691	1.0
  7252       11.692	1.0
  7254       11.692	1.0
  7256       11.692	1.0
  7258       11.692	1.0
  7260       11.692	1.0
  7262       11.694	1.0
  7264       11.694	1.0
  7266       11.694	1.0
  7268       11.694	1.0
  7270       11.696	1.0
  7272       11.696	1.0
  7274       11.697	1.0
  7276       11.697	1.0
  7278       11.699	1.0
  7280       11.699	1.0
  7282       11.699	1.0
  7284       11.697	1.0
  7286       11.696	1.0
  7288       11.696	1.0
  7290       11.696	1.0
  7292       11.696	1.0
  7294       11.696	1.0
  7296       11.696	1.0
  7298       11.697	1.0
  7300       11.699	1.0
  7302       11.699	1.0
  7304       11.699	1.0
  7306       11.701	1.0
  7308       11.701	1.0
  7310       11.701	1.0
  7312       11.701	1.0
  7314       11.703	1.0
  7316       11.703	1.0
  7318       11.703	1.0
  7320       11.704	1.0
  7322       11.706	1.0
  7324       11.706	1.0
  7326       11.708	1.0
  7328       11.708	1.0
  7330       11.710	1.0
  7332       11.710	1.0
  7334       11.710	1.0
  7336       11.710	1.0
  7338       11.711	1.0
  7340       11.711	1.0
  7342       11.713	1.0
  7344       11.713	1.0
  7346       11.713	1.0
  7348       11.713	1.0
  7350       11.713	1.0
  7352       11.713	1.0
  7354       11.713	1.0
  7356       11.713	1.0
  7358       11.713	1.0
  7360       11.715	1.0
  7362       11.715	1.0
  7364       11.715	1.0
  7366       11.715	1.0
  7368       11.715	1.0
  7370       11.717	1.0
  7372       11.717	1.0
  7374       11.717	1.0
  7376       11.717	1.0
  7378       11.717	1.0
  7380       11.718	1.0
  7382       11.718	1.0
  7384       11.718	1.0
  7386       11.720	1.0
  7388       11.720	1.0
  7390       11.722	1.0
  7392       11.722	1.0
  7394       11.722	1.0
  7396       11.724	1.0
  7398       11.724	1.0
  7400       11.724	1.0
  7402       11.725	1.0
  7404       11.725	1.0
  7406       11.725	1.0
  7408       11.725	1.0
  7410       11.727	1.0
  7412       11.727	1.0
  7414       11.727	1.0
  7416       11.727	1.0
  7418       11.727	1.0
  7420       11.727	1.0
  7422       11.727	1.0
  7424       11.727	1.0
  7426       11.727	1.0
  7428       11.727	1.0
  7430       11.729	1.0
  7432       11.729	1.0
  7434       11.729	1.0
  7436       11.729	1.0
  7438       11.730	1.0
  7440       11.732	1.0
  7442       11.734	1.0
  7444       11.734	1.0
  7446       11.736	1.0
  7448       11.736	1.0
  7450       11.736	1.0
  7452       11.737	1.0
  7454       11.737	1.0
  7456       11.737	1.0
  7458       11.737	1.0
  7460       11.737	1.0
  7462       11.737	1.0
  7464       11.739	1.0
  7466       11.739	1.0
  7468       11.739	1.0
  7470       11.739	1.0
  7472       11.739	1.0
  7474       11.739	1.0
  7476       11.739	1.0
  7478       11.739	1.0
  7480       11.741	1.0
  7482       11.741	1.0
  7484       11.741	1.0
  7486       11.741	1.0
  7488       11.741	1.0
  7490       11.741	1.0
  7492       11.743	1.0
  7494       11.743	1.0
  7496       11.744	1.0
  7498       11.744	1.0
  7500       11.744	1.0
  7502       11.744	1.0
  7504       11.746	1.0
  7506       11.746	1.0
  7508       11.746	1.0
  7510       11.748	1.0
  7512       11.748	1.0
  7514       11.748	1.0
  7516       11.750	1.0
  7518       11.751	1.0
  7520       11.751	1.0
  7522       11.751	1.0
  7524       11.753	1.0
  7526       11.753	1.0
  7528       11.753	1.0
  7530       11.753	1.0
  7532       11.753	1.0
  7534       11.753	1.0
  7536       11.751	1.0
  7538       11.751	1.0
  7540       11.751	1.0
  7542       11.751	1.0
  7544       11.751	1.0
  7546       11.751	1.0
  7548       11.753	1.0
  7550       11.754	1.0
  7552       11.755	1.0
  7554       11.755	1.0
  7556       11.755	1.0
  7558       11.756	1.0
  7560       11.756	1.0
  7562       11.757	1.0
  7564       11.757	1.0
  7566       11.757	1.0
  7568       11.758	1.0
  7570       11.758	1.0
  7572       11.758	1.0
  7574       11.759	1.0
  7576       11.759	1.0
  7578       11.760	1.0
  7580       11.760	1.0
  7582       11.760	1.0
  7584       11.761	1.0
  7586       11.761	1.0
  7588       11.762	1.0
  7590       11.762	1.0
  7592       11.763	1.0
  7594       11.763	1.0
  7596       11.764	1.0
  7598       11.764	1.0
  7600       11.764	1.0
  7602       11.765	1.0
  7604       11.765	1.0
  7606       11.766	1.0
  7608       11.766	1.0
  7610       11.767	1.0
  7612       11.767	1.0
  7614       11.768	1.0
  7616       11.768	1.0
  7618       11.769	1.0
  7620       11.769	1.0
  7622       11.770	1.0
  7624       11.770	1.0
  7626       11.771	1.0
  7628       11.771	1.0
  7630       11.772	1.0
  7632       11.773	1.0
  7634       11.773	1.0
  7636       11.774	1.0
  7638       11.774	1.0
  7640       11.775	1.0
  7642       11.775	1.0
  7644       11.776	1.0
  7646       11.777	1.0
  7648       11.777	1.0
  7650       11.778	1.0
  7652       11.778	1.0
  7654       11.779	1.0
  7656       11.780	1.0
  7658       11.780	1.0
  7660       11.781	1.0
  7662       11.781	1.0
  7664       11.782	1.0
  7666       11.783	1.0
  7668       11.783	1.0
  7670       11.784	1.0
  7672       11.785	1.0
  7674       11.785	1.0
  7676       11.786	1.0
  7678       11.787	1.0
  7680       11.787	1.0
  7682       11.788	1.0
  7684       11.789	1.0
  7686       11.789	1.0
  7688       11.790	1.0
  7690       11.791	1.0
  7692       11.793	1.0
  7694       11.793	1.0
  7696       11.795	1.0
  7698       11.795	1.0
  7700       11.795	1.0
  7702       11.796	1.0
  7704       11.796	1.0
  7706       11.798	1.0
  7708       11.798	1.0
  7710       11.796	1.0
  7712       11.796	1.0
  7714       11.796	1.0
  7716       11.796	1.0
  7718       11.798	1.0
  7720       11.798	1.0
  7722       11.798	1.0
  7724       11.800	1.0
  7726       11.800	1.0
  7728       11.802	1.0
  7730       11.803	1.0
  7732       11.805	1.0
  7734       11.805	1.0
  7736       11.807	1.0
  7738       11.807	1.0
  7740       11.807	1.0
  7742       11.807	1.0
  7744       11.807	1.0
  7746       11.807	1.0
  7748       11.807	1.0
  7750       11.807	1.0
  7752       11.807	1.0
  7754       11.807	1.0
  7756       11.807	1.0
  7758       11.807	1.0
  7760       11.807	1.0
  7762       11.809	1.0
  7764       11.809	1.0
  7766       11.809	1.0
  7768       11.809	1.0
  7770       11.809	1.0
  7772       11.810	1.0
  7774       11.810	1.0
  7776       11.810	1.0
  7778       11.810	1.0
  7780       11.812	1.0
  7782       11.812	1.0
  7784       11.812	1.0
  7786       11.812	1.0
  7788       11.814	1.0
  7790       11.814	1.0
  7792       11.814	1.0
  7794       11.816	1.0
  7796       11.817	1.0
  7798       11.817	1.0
  7800       11.819	1.0
  7802       11.819	1.0
  7804       11.821	1.0
  7806       11.821	1.0
  7808       11.821	1.0
  7810       11.821	1.0
  7812       11.822	1.0
  7814       11.822	1.0
  7816       11.822	1.0
  7818       11.822	1.0
  7820       11.824	1.0
  7822       11.824	1.0
  7824       11.824	1.0
  7826       11.824	1.0
  7828       11.824	1.0
  7830       11.824	1.0
  7832       11.826	1.0
  7834       11.826	1.0
  7836       11.826	1.0
  7838       11.828	1.0
  7840       11.828	1.0
  7842       11.828	1.0
  7844       11.828	1.0
  7846       11.829	1.0
  7848       11.829	1.0
  7850       11.829	1.0
  7852       11.828	1.0
  7854       11.828	1.0
  7856       11.828	1.0
  7858       11.828	1.0
  7860       11.828	1.0
  7862       11.828	1.0
  7864       11.829	1.0
  7866       11.829	1.0
  7868       11.831	1.0
  7870       11.831	1.0
  7872       11.831	1.0
  7874       11.831	1.0
  7876       11.831	1.0
  7878       11.831	1.0
  7880       11.831	1.0
  7882       11.833	1.0
  7884       11.833	1.0
  7886       11.833	1.0
  7888       11.833	1.0
  7890       11.833	1.0
  7892       11.833	1.0
  7894       11.833	1.0
  7896       11.833	1.0
  7898       11.833	1.0
  7900       11.833	1.0
  7902       11.833	1.0
  7904       11.835	1.0
  7906       11.835	1.0
  7908       11.835	1.0
  7910       11.836	1.0
  7912       11.836	1.0
  7914       11.838	1.0
  7916       11.838	1.0
  7918       11.838	1.0
  7920       11.838	1.0
  7922       11.838	1.0
  7924       11.838	1.0
  7926       11.840	1.0
  7928       11.840	1.0
  7930       11.842	1.0
  7932       11.843	1.0
  7934       11.843	1.0
  7936       11.843	1.0
  7938       11.843	1.0
  7940       11.843	1.0
  7942       11.843	1.0
  7944       11.843	1.0
  7946       11.843	1.0
  7948       11.843	1.0
  7950       11.845	1.0
  7952       11.845	1.0
  7954       11.845	1.0
  7956       11.845	1.0
  7958       11.845	1.0
  7960       11.845	1.0
  7962       11.845	1.0
  7964       11.847	1.0
  7966       11.847	1.0
  7968       11.847	1.0
  7970       11.847	1.0
  7972       11.847	1.0
  7974       11.849	1.0
  7976       11.849	1.0
  7978       11.849	1.0
  7980       11.850	1.0
  7982       11.850	1.0
  7984       11.850	1.0
  7986       11.850	1.0
  7988       11.850	1.0
  7990       11.850	1.0
  7992       11.850	1.0
  7994       11.852	1.0
  7996       11.852	1.0
  7998       11.850	1.0
  8000       11.850	1.0
  8002       11.850	1.0
  8004       11.850	1.0
  8006       11.850	1.0
  8008       11.852	1.0
  8010       11.852	1.0
  8012       11.852	1.0
  8014       11.852	1.0
  8016       11.854	1.0
  8018       11.854	1.0
  8020       11.854	1.0
  8022       11.854	1.0
  8024       11.854	1.0
  8026       11.855	1.0
  8028       11.857	1.0
  8030       11.857	1.0
  8032       11.859	1.0
  8034       11.859	1.0
  8036       11.859	1.0
  8038       11.859	1.0
  8040       11.861	1.0
  8042       11.861	1.0
  8044       11.861	1.0
  8046       11.859	1.0
  8048       11.859	1.0
  8050       11.859	1.0
  8052       11.859	1.0
  8054       11.861	1.0
  8056       11.861	1.0
  8058       11.861	1.0
  8060       11.861	1.0
  8062       11.861	1.0
  8064       11.861	1.0
  8066       11.861	1.0
  8068       11.861	1.0
  8070       11.862	1.0
  8072       11.864	1.0
  8074       11.864	1.0
  8076       11.864	1.0
  8078       11.864	1.0
  8080       11.866	1.0
  8082       11.866	1.0
  8084       11.866	1.0
  8086       11.866	1.0
  8088       11.866	1.0
  8090       11.866	1.0
  8092       11.866	1.0
  8094       11.866	1.0
  8096       11.866	1.0
  8098       11.866	1.0
  8100       11.866	1.0
  8102       11.868	1.0
  8104       11.868	1.0
  8106       11.866	1.0
  8108       11.866	1.0
  8110       11.866	1.0
  8112       11.868	1.0
  8114       11.868	1.0
  8116       11.869	1.0
  8118       11.869	1.0
  8120       11.869	1.0
  8122       11.869	1.0
  8124       11.869	1.0
  8126       11.871	1.0
  8128       11.871	1.0
  8130       11.871	1.0
  8132       11.871	1.0
  8134       11.873	1.0
  8136       11.873	1.0
  8138       11.873	1.0
  8140       11.873	1.0
  8142       11.873	1.0
  8144       11.873	1.0
  8146       11.873	1.0
  8148       11.873	1.0
  8150       11.871	1.0
  8152       11.871	1.0
  8154       11.873	1.0
  8156       11.875	1.0
  8158       11.876	1.0
  8160       11.876	1.0
  8162       11.878	1.0
  8164       11.878	1.0
  8166       11.878	1.0
  8168       11.880	1.0
  8170       11.880	1.0
  8172       11.882	1.0
  8174       11.883	1.0
  8176       11.883	1.0
  8178       11.885	1.0
  8180       11.885	1.0
  8182       11.887	1.0
  8184       11.888	1.0
  8186       11.890	1.0
  8188       11.892	1.0
  8190       11.892	1.0
  8192       11.894	1.0
  8194       11.894	1.0
  8196       11.894	1.0
  8198       11.894	1.0
  8200       11.892	1.0
  8202       11.892	1.0
  8204       11.890	1.0
  8206       11.888	1.0
  8208       11.887	1.0
  8210       11.887	1.0
  8212       11.885	1.0
  8214       11.885	1.0
  8216       11.885	1.0
  8218       11.885	1.0
  8220       11.887	1.0
  8222       11.890	1.0
  8224       11.894	1.0
  8226       11.897	1.0
  8228       11.901	1.0
  8230       11.904	1.0
  8232       11.906	1.0
  8234       11.906	1.0
  8236       11.906	1.0
  8238       11.906	1.0
  8240       11.904	1.0
  8242       11.904	1.0
  8244       11.902	1.0
  8246       11.902	1.0
  8248       11.902	1.0
  8250       11.902	1.0
  8252       11.902	1.0
  8254       11.902	1.0
  8256       11.902	1.0
  8258       11.902	1.0
  8260       11.902	1.0
  8262       11.902	1.0
  8264       11.901	1.0
  8266       11.899	1.0
  8268       11.897	1.0
  8270       11.899	1.0
  8272       11.899	1.0
  8274       11.901	1.0
  8276       11.902	1.0
  8278       11.902	1.0
  8280       11.904	1.0
  8282       11.904	1.0
  8284       11.906	1.0
  8286       11.906	1.0
  8288       11.908	1.0
  8290       11.909	1.0
  8292       11.909	1.0
  8294       11.909	1.0
  8296       11.909	1.0
  8298       11.909	1.0
  8300       11.908	1.0
  8302       11.908	1.0
  8304       11.908	1.0
  8306       11.906	1.0
  8308       11.906	1.0
  8310       11.906	1.0
  8312       11.906	1.0
  8314       11.906	1.0
  8316       11.906	1.0
  8318       11.906	1.0
  8320       11.908	1.0
  8322       11.908	1.0
  8324       11.909	1.0
  8326       11.909	1.0
  8328       11.911	1.0
  8330       11.911	1.0
  8332       11.913	1.0
  8334       11.913	1.0
  8336       11.915	1.0
  8338       11.916	1.0
  8340       11.916	1.0
  8342       11.918	1.0
  8344       11.918	1.0
  8346       11.918	1.0
  8348       11.920	1.0
  8350       11.920	1.0
  8352       11.920	1.0
  8354       11.920	1.0
  8356       11.921	1.0
  8358       11.923	1.0
  8360       11.923	1.0
  8362       11.925	1.0
  8364       11.925	1.0
  8366       11.925	1.0
  8368       11.925	1.0
  8370       11.925	1.0
  8372       11.927	1.0
  8374       11.927	1.0
  8376       11.927	1.0
  8378       11.928	1.0
  8380       11.928	1.0
  8382       11.930	1.0
  8384       11.930	1.0
  8386       11.930	1.0
  8388       11.930	1.0
  8390       11.930	1.0
  8392       11.930	1.0
  8394       11.930	1.0
  8396       11.930	1.0
  8398       11.928	1.0
  8400       11.928	1.0
  8402       11.928	1.0
  8404       11.928	1.0
  8406       11.930	1.0
  8408       11.930	1.0
  8410       11.932	1.0
  8412       11.932	1.0
  8414       11.934	1.0
  8416       11.935	1.0
  8418       11.935	1.0
  8420       11.935	1.0
  8422       11.937	1.0
  8424       11.937	1.0
  8426       11.937	1.0
  8428       11.939	1.0
  8430       11.939	1.0
  8432       11.939	1.0
  8434       11.939	1.0
  8436       11.941	1.0
  8438       11.942	1.0
  8440       11.942	1.0
  8442       11.944	1.0
  8444       11.946	1.0
  8446       11.946	1.0
  8448       11.947	1.0
  8450       11.949	1.0
  8452       11.947	1.0
  8454       11.947	1.0
  8456       11.946	1.0
  8458       11.946	1.0
  8460       11.946	1.0
  8462       11.944	1.0
  8464       11.944	1.0
  8466       11.944	1.0
  8468       11.944	1.0
  8470       11.944	1.0
  8472       11.944	1.0
  8474       11.944	1.0
  8476       11.944	1.0
  8478       11.944	1.0
  8480       11.942	1.0
  8482       11.942	1.0
  8484       11.942	1.0
  8486       11.941	1.0
  8488       11.939	1.0
  8490       11.939	1.0
  8492       11.937	1.0
  8494       11.937	1.0
  8496       11.937	1.0
  8498       11.937	1.0
  8500       11.939	1.0
  8502       11.941	1.0
  8504       11.942	1.0
  8506       11.944	1.0
  8508       11.944	1.0
  8510       11.946	1.0
  8512       11.947	1.0
  8514       11.949	1.0
  8516       11.951	1.0
  8518       11.951	1.0
  8520       11.951	1.0
  8522       11.953	1.0
  8524       11.953	1.0
  8526       11.951	1.0
  8528       11.951	1.0
  8530       11.949	1.0
  8532       11.949	1.0
  8534       11.946	1.0
  8536       11.944	1.0
  8538       11.944	1.0
  8540       11.942	1.0
  8542       11.942	1.0
  8544       11.944	1.0
  8546       11.944	1.0
  8548       11.944	1.0
  8550       11.946	1.0
  8552       11.949	1.0
  8554       11.949	1.0
  8556       11.951	1.0
  8558       11.953	1.0
  8560       11.956	1.0
  8562       11.958	1.0
  8564       11.960	1.0
  8566       11.960	1.0
  8568       11.961	1.0
  8570       11.963	1.0
  8572       11.963	1.0
  8574       11.965	1.0
  8576       11.965	1.0
  8578       11.967	1.0
  8580       11.967	1.0
  8582       11.967	1.0
  8584       11.968	1.0
  8586       11.967	1.0
  8588       11.967	1.0
  8590       11.967	1.0
  8592       11.967	1.0
  8594       11.968	1.0
  8596       11.968	1.0
  8598       11.968	1.0
  8600       11.968	1.0
  8602       11.968	1.0
  8604       11.970	1.0
  8606       11.972	1.0
  8608       11.974	1.0
  8610       11.975	1.0
  8612       11.977	1.0
  8614       11.979	1.0
  8616       11.980	1.0
  8618       11.982	1.0
  8620       11.984	1.0
  8622       11.984	1.0
  8624       11.986	1.0
  8626       11.986	1.0
  8628       11.986	1.0
  8630       11.986	1.0
  8632       11.986	1.0
  8634       11.984	1.0
  8636       11.984	1.0
  8638       11.982	1.0
  8640       11.980	1.0
  8642       11.979	1.0
  8644       11.977	1.0
  8646       11.975	1.0
  8648       11.972	1.0
  8650       11.970	1.0
  8652       11.967	1.0
  8654       11.963	1.0
  8656       11.960	1.0
  8658       11.958	1.0
  8660       11.956	1.0
  8662       11.954	1.0
  8664       11.954	1.0
  8666       11.956	1.0
  8668       11.956	1.0
  8670       11.958	1.0
  8672       11.961	1.0
  8674       11.965	1.0
  8676       11.968	1.0
  8678       11.970	1.0
  8680       11.974	1.0
  8682       11.977	1.0
  8684       11.979	1.0
  8686       11.980	1.0
  8688       11.982	1.0
  8690       11.986	1.0
  8692       11.989	1.0
  8694       11.991	1.0
  8696       11.993	1.0
  8698       11.994	1.0
  8700       11.996	1.0
  8702       11.998	1.0
  8704       11.998	1.0
  8706       12.001	1.0
  8708       12.003	1.0
  8710       12.005	1.0
  8712       12.008	1.0
  8714       12.010	1.0
  8716       12.010	1.0
  8718       12.012	1.0
  8720       12.010	1.0
  8722       12.010	1.0
  8724       12.008	1.0
  8726       12.007	1.0
  8728       12.005	1.0
  8730       12.003	1.0
  8732       12.003	1.0
  8734       12.001	1.0
  8736       12.001	1.0
  8738       12.000	1.0
  8740       11.998	1.0
  8742       11.996	1.0
  8744       11.996	1.0
  8746       11.996	1.0
  8748       11.994	1.0
  8750       11.994	1.0
  8752       11.994	1.0
  8754       11.994	1.0
  8756       11.994	1.0
  8758       11.994	1.0
  8760       11.994	1.0
  8762       11.996	1.0
  8764       11.996	1.0
  8766       11.998	1.0
  8768       12.000	1.0
  8770       12.001	1.0
  8772       12.003	1.0
  8774       12.005	1.0
  8776       12.007	1.0
  8778       12.008	1.0
  8780       12.010	1.0
  8782       12.010	1.0
  8784       12.012	1.0
  8786       12.013	1.0
  8788       12.015	1.0
  8790       12.017	1.0
  8792       12.017	1.0
  8794       12.017	1.0
  8796       12.019	1.0
  8798       12.019	1.0
  8800       12.019	1.0
  8802       12.020	1.0
  8804       12.020	1.0
  8806       12.022	1.0
  8808       12.022	1.0
  8810       12.024	1.0
  8812       12.024	1.0
  8814       12.024	1.0
  8816       12.024	1.0
  8818       12.024	1.0
  8820       12.026	1.0
  8822       12.026	1.0
  8824       12.026	1.0
  8826       12.026	1.0
  8828       12.024	1.0
  8830       12.024	1.0
  8832       12.024	1.0
  8834       12.024	1.0
  8836       12.022	1.0
  8838       12.022	1.0
  8840       12.022	1.0
  8842       12.020	1.0
  8844       12.019	1.0
  8846       12.019	1.0
  8848       12.017	1.0
  8850       12.015	1.0
  8852       12.013	1.0
  8854       12.012	1.0
  8856       12.010	1.0
  8858       12.010	1.0
  8860       12.008	1.0
  8862       12.008	1.0
  8864       12.008	1.0
  8866       12.008	1.0
  8868       12.010	1.0
  8870       12.012	1.0
  8872       12.015	1.0
  8874       12.019	1.0
  8876       12.022	1.0
  8878       12.026	1.0
  8880       12.029	1.0
  8882       12.031	1.0
  8884       12.033	1.0
  8886       12.034	1.0
  8888       12.036	1.0
  8890       12.038	1.0
  8892       12.038	1.0
  8894       12.040	1.0
  8896       12.040	1.0
  8898       12.041	1.0
  8900       12.041	1.0
  8902       12.043	1.0
  8904       12.045	1.0
  8906       12.045	1.0
  8908       12.048	1.0
  8910       12.050	1.0
  8912       12.052	1.0
  8914       12.052	1.0
  8916       12.055	1.0
  8918       12.057	1.0
  8920       12.057	1.0
  8922       12.057	1.0
  8924       12.059	1.0
  8926       12.059	1.0
  8928       12.059	1.0
  8930       12.059	1.0
  8932       12.060	1.0
  8934       12.062	1.0
  8936       12.064	1.0
  8938       12.064	1.0
  8940       12.067	1.0
  8942       12.069	1.0
  8944       12.069	1.0
  8946       12.071	1.0
  8948       12.071	1.0
  8950       12.072	1.0
  8952       12.074	1.0
  8954       12.076	1.0
  8956       12.078	1.0
  8958       12.079	1.0
  8960       12.081	1.0
  8962       12.083	1.0
  8964       12.083	1.0
  8966       12.083	1.0
  8968       12.085	1.0
  8970       12.085	1.0
  8972       12.085	1.0
  8974       12.086	1.0
  8976       12.088	1.0
  8978       12.090	1.0
  8980       12.090	1.0
  8982       12.093	1.0
  8984       12.093	1.0
  8986       12.095	1.0
  8988       12.095	1.0
  8990       12.095	1.0
  8992       12.095	1.0
  8994       12.095	1.0
  8996       12.095	1.0
  8998       12.095	1.0
  9000       12.095	1.0
  9002       12.095	1.0
  9004       12.095	1.0
  9006       12.093	1.0
  9008       12.093	1.0
  9010       12.093	1.0
  9012       12.092	1.0
  9014       12.090	1.0
  9016       12.090	1.0
  9018       12.092	1.0
  9020       12.093	1.0
  9022       12.095	1.0
  9024       12.097	1.0
  9026       12.099	1.0
  9028       12.100	1.0
  9030       12.100	1.0
  9032       12.102	1.0
  9034       12.102	1.0
  9036       12.104	1.0
  9038       12.104	1.0
  9040       12.105	1.0
  9042       12.107	1.0
  9044       12.109	1.0
  9046       12.111	1.0
  9048       12.111	1.0
  9050       12.112	1.0
  9052       12.112	1.0
  9054       12.112	1.0
  9056       12.112	1.0
  9058       12.111	1.0
  9060       12.112	1.0
  9062       12.112	1.0
  9064       12.112	1.0
  9066       12.114	1.0
  9068       12.114	1.0
  9070       12.114	1.0
  9072       12.114	1.0
  9074       12.114	1.0
  9076       12.114	1.0
  9078       12.114	1.0
  9080       12.116	1.0
  9082       12.116	1.0
  9084       12.114	1.0
  9086       12.114	1.0
  9088       12.114	1.0
  9090       12.112	1.0
  9092       12.112	1.0
  9094       12.111	1.0
  9096       12.111	1.0
  9098       12.111	1.0
  9100       12.109	1.0
  9102       12.109	1.0
  9104       12.107	1.0
  9106       12.107	1.0
  9108       12.104	1.0
  9110       12.104	1.0
  9112       12.102	1.0
  9114       12.100	1.0
  9116       12.100	1.0
  9118       12.097	1.0
  9120       12.099	1.0
  9122       12.099	1.0
  9124       12.100	1.0
  9126       12.102	1.0
  9128       12.107	1.0
  9130       12.111	1.0
  9132       12.109	1.0
  9134       12.105	1.0
  9136       12.102	1.0
  9138       12.100	1.0
  9140       12.097	1.0
  9142       12.095	1.0
  9144       12.095	1.0
  9146       12.095	1.0
  9148       12.095	1.0
  9150       12.095	1.0
  9152       12.095	1.0
  9154       12.095	1.0
  9156       12.095	1.0
  9158       12.093	1.0
  9160       12.093	1.0
  9162       12.093	1.0
  9164       12.092	1.0
  9166       12.092	1.0
  9168       12.093	1.0
  9170       12.093	1.0
  9172       12.095	1.0
  9174       12.097	1.0
  9176       12.097	1.0
  9178       12.100	1.0
  9180       12.099	1.0
  9182       12.097	1.0
  9184       12.097	1.0
  9186       12.095	1.0
  9188       12.093	1.0
  9190       12.093	1.0
  9192       12.093	1.0
  9194       12.093	1.0
  9196       12.093	1.0
  9198       12.093	1.0
  9200       12.093	1.0
