# Feige 67
# Oke, 1990, AJ, 99, 1621.
# More information: http//catserver.ing.iac.es/landscape/tn065-100/workflux.php
#
  3200       10.706 1
  3201       10.715 1
  3202       10.724 1
  3203       10.724 1
  3204       10.722 1
  3205       10.718 1
  3206       10.715 1
  3207       10.715 1
  3208       10.713 1
  3209       10.708 1
  3210       10.701 1
  3211       10.694 1
  3212       10.687 1
  3213       10.680 1
  3214       10.675 1
  3215       10.671 1
  3216       10.673 1
  3217       10.675 1
  3218       10.677 1
  3219       10.677 1
  3220       10.675 1
  3221       10.675 1
  3222       10.675 1
  3223       10.675 1
  3224       10.675 1
  3225       10.675 1
  3226       10.673 1
  3227       10.670 1
  3228       10.666 1
  3229       10.663 1
  3230       10.661 1
  3231       10.663 1
  3232       10.665 1
  3233       10.666 1
  3234       10.670 1
  3235       10.671 1
  3236       10.673 1
  3237       10.678 1
  3238       10.682 1
  3239       10.687 1
  3240       10.694 1
  3241       10.699 1
  3242       10.703 1
  3243       10.710 1
  3244       10.718 1
  3245       10.725 1
  3246       10.732 1
  3247       10.737 1
  3248       10.744 1
  3249       10.748 1
  3250       10.753 1
  3251       10.755 1
  3252       10.758 1
  3253       10.762 1
  3254       10.767 1
  3255       10.774 1
  3256       10.777 1
  3257       10.781 1
  3258       10.784 1
  3259       10.788 1
  3260       10.786 1
  3261       10.784 1
  3262       10.783 1
  3263       10.784 1
  3264       10.784 1
  3265       10.783 1
  3266       10.784 1
  3267       10.786 1
  3268       10.786 1
  3269       10.784 1
  3270       10.784 1
  3271       10.784 1
  3272       10.784 1
  3273       10.784 1
  3274       10.784 1
  3275       10.783 1
  3276       10.781 1
  3277       10.783 1
  3278       10.786 1
  3279       10.788 1
  3280       10.791 1
  3281       10.790 1
  3282       10.786 1
  3283       10.786 1
  3284       10.786 1
  3285       10.786 1
  3286       10.788 1
  3287       10.788 1
  3288       10.791 1
  3289       10.793 1
  3290       10.795 1
  3291       10.798 1
  3292       10.800 1
  3293       10.802 1
  3294       10.805 1
  3295       10.807 1
  3296       10.810 1
  3297       10.814 1
  3298       10.817 1
  3299       10.817 1
  3300       10.819 1
  3301       10.819 1
  3302       10.821 1
  3303       10.824 1
  3304       10.828 1
  3305       10.828 1
  3306       10.831 1
  3307       10.831 1
  3308       10.831 1
  3309       10.831 1
  3310       10.833 1
  3311       10.835 1
  3312       10.838 1
  3313       10.838 1
  3314       10.835 1
  3315       10.833 1
  3316       10.833 1
  3317       10.831 1
  3318       10.831 1
  3319       10.831 1
  3320       10.835 1
  3321       10.838 1
  3322       10.843 1
  3323       10.847 1
  3324       10.850 1
  3325       10.852 1
  3326       10.854 1
  3327       10.855 1
  3328       10.855 1
  3329       10.854 1
  3330       10.852 1
  3331       10.852 1
  3332       10.850 1
  3333       10.850 1
  3334       10.850 1
  3335       10.847 1
  3336       10.847 1
  3337       10.845 1
  3338       10.845 1
  3339       10.847 1
  3340       10.850 1
  3341       10.845 1
  3342       10.840 1
  3343       10.835 1
  3344       10.833 1
  3345       10.833 1
  3346       10.833 1
  3347       10.835 1
  3348       10.836 1
  3349       10.836 1
  3350       10.836 1
  3351       10.838 1
  3352       10.840 1
  3353       10.843 1
  3354       10.843 1
  3355       10.843 1
  3356       10.842 1
  3357       10.840 1
  3358       10.838 1
  3359       10.835 1
  3360       10.836 1
  3361       10.836 1
  3362       10.835 1
  3363       10.833 1
  3364       10.833 1
  3365       10.833 1
  3366       10.835 1
  3367       10.835 1
  3368       10.835 1
  3369       10.835 1
  3370       10.836 1
  3371       10.838 1
  3372       10.840 1
  3373       10.840 1
  3374       10.842 1
  3375       10.840 1
  3376       10.836 1
  3377       10.836 1
  3378       10.838 1
  3379       10.838 1
  3380       10.838 1
  3381       10.838 1
  3382       10.840 1
  3383       10.843 1
  3384       10.847 1
  3385       10.852 1
  3386       10.852 1
  3387       10.854 1
  3388       10.857 1
  3389       10.859 1
  3390       10.861 1
  3391       10.862 1
  3392       10.866 1
  3393       10.869 1
  3394       10.871 1
  3395       10.871 1
  3396       10.873 1
  3397       10.876 1
  3398       10.878 1
  3399       10.880 1
  3400       10.883 1
  3401       10.883 1
  3402       10.885 1
  3403       10.885 1
  3404       10.883 1
  3405       10.885 1
  3406       10.885 1
  3407       10.885 1
  3408       10.885 1
  3409       10.885 1
  3410       10.883 1
  3411       10.883 1
  3412       10.883 1
  3413       10.885 1
  3414       10.890 1
  3415       10.894 1
  3416       10.897 1
  3417       10.902 1
  3418       10.904 1
  3419       10.909 1
  3420       10.909 1
  3421       10.911 1
  3422       10.911 1
  3423       10.911 1
  3424       10.913 1
  3425       10.916 1
  3426       10.918 1
  3427       10.921 1
  3428       10.923 1
  3429       10.921 1
  3430       10.920 1
  3431       10.920 1
  3432       10.920 1
  3433       10.921 1
  3434       10.921 1
  3435       10.920 1
  3436       10.918 1
  3437       10.918 1
  3438       10.918 1
  3439       10.918 1
  3440       10.916 1
  3441       10.915 1
  3442       10.913 1
  3443       10.911 1
  3444       10.909 1
  3445       10.908 1
  3446       10.909 1
  3447       10.909 1
  3448       10.911 1
  3449       10.911 1
  3450       10.911 1
  3451       10.913 1
  3452       10.911 1
  3453       10.911 1
  3454       10.909 1
  3455       10.908 1
  3456       10.906 1
  3457       10.902 1
  3458       10.902 1
  3459       10.902 1
  3460       10.904 1
  3461       10.906 1
  3462       10.909 1
  3463       10.911 1
  3464       10.913 1
  3465       10.916 1
  3466       10.920 1
  3467       10.923 1
  3468       10.927 1
  3469       10.928 1
  3470       10.930 1
  3471       10.930 1
  3472       10.930 1
  3473       10.932 1
  3474       10.932 1
  3475       10.935 1
  3476       10.937 1
  3477       10.939 1
  3478       10.939 1
  3479       10.939 1
  3480       10.942 1
  3481       10.942 1
  3482       10.944 1
  3483       10.946 1
  3484       10.946 1
  3485       10.946 1
  3486       10.946 1
  3487       10.944 1
  3488       10.946 1
  3489       10.947 1
  3490       10.947 1
  3491       10.947 1
  3492       10.947 1
  3493       10.949 1
  3494       10.951 1
  3495       10.954 1
  3496       10.958 1
  3497       10.960 1
  3498       10.961 1
  3499       10.961 1
  3500       10.960 1
  3501       10.961 1
  3502       10.961 1
  3503       10.963 1
  3504       10.963 1
  3505       10.961 1
  3506       10.960 1
  3507       10.958 1
  3508       10.956 1
  3509       10.956 1
  3510       10.953 1
  3511       10.951 1
  3512       10.953 1
  3513       10.953 1
  3514       10.953 1
  3515       10.953 1
  3516       10.953 1
  3517       10.953 1
  3518       10.953 1
  3519       10.953 1
  3520       10.953 1
  3521       10.954 1
  3522       10.954 1
  3523       10.956 1
  3524       10.958 1
  3525       10.958 1
  3526       10.960 1
  3527       10.963 1
  3528       10.965 1
  3529       10.967 1
  3530       10.968 1
  3531       10.970 1
  3532       10.972 1
  3533       10.975 1
  3534       10.979 1
  3535       10.982 1
  3536       10.984 1
  3537       10.986 1
  3538       10.986 1
  3539       10.989 1
  3540       10.991 1
  3541       10.994 1
  3542       10.994 1
  3543       10.996 1
  3544       10.998 1
  3545       10.998 1
  3546       10.998 1
  3547       10.998 1
  3548       10.998 1
  3549       10.998 1
  3550       11.000 1
  3551       11.001 1
  3552       11.001 1
  3553       11.001 1
  3554       11.000 1
  3555       10.998 1
  3556       10.998 1
  3557       11.000 1
  3558       11.001 1
  3559       11.000 1
  3560       10.998 1
  3561       10.998 1
  3562       10.998 1
  3563       10.998 1
  3564       10.998 1
  3565       10.998 1
  3566       10.996 1
  3567       10.996 1
  3568       10.998 1
  3569       10.998 1
  3570       11.000 1
  3571       11.001 1
  3572       11.000 1
  3573       10.998 1
  3574       10.998 1
  3575       10.998 1
  3576       10.998 1
  3577       10.996 1
  3578       10.998 1
  3579       11.001 1
  3580       11.003 1
  3581       11.005 1
  3582       11.007 1
  3583       11.008 1
  3584       11.008 1
  3585       11.008 1
  3586       11.010 1
  3587       11.010 1
  3588       11.010 1
  3589       11.012 1
  3590       11.012 1
  3591       11.013 1
  3592       11.015 1
  3593       11.017 1
  3594       11.019 1
  3595       11.020 1
  3596       11.022 1
  3597       11.022 1
  3598       11.024 1
  3599       11.027 1
  3600       11.027 1
  3601       11.029 1
  3602       11.031 1
  3603       11.033 1
  3604       11.033 1
  3605       11.033 1
  3606       11.031 1
  3607       11.031 1
  3608       11.029 1
  3609       11.027 1
  3610       11.026 1
  3611       11.026 1
  3612       11.026 1
  3613       11.027 1
  3614       11.029 1
  3615       11.027 1
  3616       11.027 1
  3617       11.027 1
  3618       11.027 1
  3619       11.029 1
  3620       11.029 1
  3621       11.029 1
  3622       11.031 1
  3623       11.031 1
  3624       11.031 1
  3625       11.031 1
  3626       11.034 1
  3627       11.036 1
  3628       11.038 1
  3629       11.041 1
  3630       11.041 1
  3631       11.041 1
  3632       11.040 1
  3633       11.038 1
  3634       11.040 1
  3635       11.041 1
  3636       11.041 1
  3637       11.043 1
  3638       11.043 1
  3639       11.045 1
  3640       11.045 1
  3641       11.046 1
  3642       11.046 1
  3643       11.046 1
  3644       11.046 1
  3645       11.050 1
  3646       11.052 1
  3647       11.055 1
  3648       11.057 1
  3649       11.057 1
  3650       11.057 1
  3651       11.059 1
  3652       11.062 1
  3653       11.064 1
  3654       11.067 1
  3655       11.071 1
  3656       11.072 1
  3657       11.074 1
  3658       11.076 1
  3659       11.078 1
  3660       11.079 1
  3661       11.081 1
  3662       11.083 1
  3663       11.085 1
  3664       11.086 1
  3665       11.088 1
  3666       11.088 1
  3667       11.086 1
  3668       11.086 1
  3669       11.088 1
  3670       11.090 1
  3671       11.090 1
  3672       11.090 1
  3673       11.090 1
  3674       11.088 1
  3675       11.088 1
  3676       11.088 1
  3677       11.085 1
  3678       11.085 1
  3679       11.083 1
  3680       11.081 1
  3681       11.078 1
  3682       11.078 1
  3683       11.078 1
  3684       11.078 1
  3685       11.079 1
  3686       11.081 1
  3687       11.085 1
  3688       11.088 1
  3689       11.090 1
  3690       11.093 1
  3691       11.097 1
  3692       11.100 1
  3693       11.100 1
  3694       11.102 1
  3695       11.102 1
  3696       11.102 1
  3697       11.102 1
  3698       11.102 1
  3699       11.104 1
  3700       11.104 1
  3701       11.102 1
  3702       11.102 1
  3703       11.102 1
  3704       11.100 1
  3705       11.102 1
  3706       11.102 1
  3707       11.102 1
  3708       11.104 1
  3709       11.104 1
  3710       11.107 1
  3711       11.109 1
  3712       11.111 1
  3713       11.112 1
  3714       11.112 1
  3715       11.112 1
  3716       11.114 1
  3717       11.114 1
  3718       11.116 1
  3719       11.118 1
  3720       11.118 1
  3721       11.118 1
  3722       11.116 1
  3723       11.116 1
  3724       11.116 1
  3725       11.118 1
  3726       11.118 1
  3727       11.118 1
  3728       11.118 1
  3729       11.114 1
  3730       11.112 1
  3731       11.111 1
  3732       11.111 1
  3733       11.112 1
  3734       11.112 1
  3735       11.114 1
  3736       11.114 1
  3737       11.116 1
  3738       11.116 1
  3739       11.116 1
  3740       11.116 1
  3741       11.116 1
  3742       11.116 1
  3743       11.114 1
  3744       11.116 1
  3745       11.116 1
  3746       11.116 1
  3747       11.118 1
  3748       11.118 1
  3749       11.118 1
  3750       11.119 1
  3751       11.119 1
  3752       11.119 1
  3753       11.119 1
  3754       11.121 1
  3755       11.119 1
  3756       11.119 1
  3757       11.119 1
  3758       11.119 1
  3759       11.119 1
  3760       11.119 1
  3761       11.118 1
  3762       11.116 1
  3763       11.116 1
  3764       11.116 1
  3765       11.116 1
  3766       11.119 1
  3767       11.121 1
  3768       11.123 1
  3769       11.125 1
  3770       11.125 1
  3771       11.125 1
  3772       11.123 1
  3773       11.121 1
  3774       11.119 1
  3775       11.118 1
  3776       11.118 1
  3777       11.119 1
  3778       11.123 1
  3779       11.126 1
  3780       11.130 1
  3781       11.133 1
  3782       11.135 1
  3783       11.137 1
  3784       11.140 1
  3785       11.144 1
  3786       11.147 1
  3787       11.152 1
  3788       11.156 1
  3789       11.159 1
  3790       11.161 1
  3791       11.163 1
  3792       11.166 1
  3793       11.168 1
  3794       11.168 1
  3795       11.168 1
  3796       11.166 1
  3797       11.163 1
  3798       11.158 1
  3799       11.152 1
  3800       11.149 1
  3801       11.145 1
  3802       11.142 1
  3803       11.140 1
  3804       11.137 1
  3805       11.137 1
  3806       11.135 1
  3807       11.135 1
  3808       11.133 1
  3809       11.132 1
  3810       11.128 1
  3811       11.126 1
  3812       11.125 1
  3813       11.125 1
  3814       11.126 1
  3815       11.126 1
  3816       11.128 1
  3817       11.130 1
  3818       11.132 1
  3819       11.133 1
  3820       11.137 1
  3821       11.140 1
  3822       11.144 1
  3823       11.147 1
  3824       11.151 1
  3825       11.154 1
  3826       11.159 1
  3827       11.163 1
  3828       11.166 1
  3829       11.168 1
  3830       11.168 1
  3831       11.168 1
  3832       11.168 1
  3833       11.168 1
  3834       11.168 1
  3835       11.168 1
  3836       11.166 1
  3837       11.165 1
  3838       11.161 1
  3839       11.158 1
  3840       11.154 1
  3841       11.152 1
  3842       11.149 1
  3843       11.145 1
  3844       11.144 1
  3845       11.140 1
  3846       11.135 1
  3847       11.132 1
  3848       11.128 1
  3849       11.126 1
  3850       11.123 1
  3851       11.121 1
  3852       11.119 1
  3853       11.116 1
  3854       11.114 1
  3855       11.114 1
  3856       11.114 1
  3857       11.112 1
  3858       11.114 1
  3859       11.116 1
  3860       11.119 1
  3861       11.121 1
  3862       11.125 1
  3863       11.126 1
  3864       11.128 1
  3865       11.128 1
  3866       11.128 1
  3867       11.130 1
  3868       11.130 1
  3869       11.130 1
  3870       11.130 1
  3871       11.130 1
  3872       11.133 1
  3873       11.135 1
  3874       11.140 1
  3875       11.144 1
  3876       11.149 1
  3877       11.152 1
  3878       11.158 1
  3879       11.163 1
  3880       11.168 1
  3881       11.173 1
  3882       11.178 1
  3883       11.184 1
  3884       11.189 1
  3885       11.196 1
  3886       11.199 1
  3887       11.201 1
  3888       11.201 1
  3889       11.197 1
  3890       11.194 1
  3891       11.192 1
  3892       11.189 1
  3893       11.185 1
  3894       11.182 1
  3895       11.177 1
  3896       11.171 1
  3897       11.168 1
  3898       11.163 1
  3899       11.159 1
  3900       11.154 1
  3901       11.149 1
  3902       11.144 1
  3903       11.140 1
  3904       11.138 1
  3905       11.137 1
  3906       11.135 1
  3907       11.133 1
  3908       11.130 1
  3909       11.128 1
  3910       11.126 1
  3911       11.125 1
  3912       11.123 1
  3913       11.121 1
  3914       11.119 1
  3915       11.119 1
  3916       11.119 1
  3917       11.121 1
  3918       11.121 1
  3919       11.123 1
  3920       11.123 1
  3921       11.125 1
  3922       11.126 1
  3923       11.128 1
  3924       11.132 1
  3925       11.135 1
  3926       11.138 1
  3927       11.140 1
  3928       11.142 1
  3929       11.142 1
  3930       11.142 1
  3931       11.144 1
  3932       11.144 1
  3933       11.144 1
  3934       11.144 1
  3935       11.142 1
  3936       11.142 1
  3937       11.140 1
  3938       11.140 1
  3939       11.140 1
  3940       11.140 1
  3941       11.142 1
  3942       11.142 1
  3943       11.142 1
  3944       11.140 1
  3945       11.140 1
  3946       11.140 1
  3947       11.142 1
  3948       11.144 1
  3949       11.147 1
  3950       11.151 1
  3951       11.156 1
  3952       11.159 1
  3953       11.165 1
  3954       11.170 1
  3955       11.173 1
  3956       11.178 1
  3957       11.182 1
  3958       11.189 1
  3959       11.194 1
  3960       11.203 1
  3961       11.210 1
  3962       11.220 1
  3963       11.227 1
  3964       11.236 1
  3965       11.244 1
  3966       11.253 1
  3967       11.262 1
  3968       11.269 1
  3969       11.276 1
  3970       11.281 1
  3971       11.284 1
  3972       11.286 1
  3973       11.286 1
  3974       11.284 1
  3975       11.277 1
  3976       11.269 1
  3977       11.258 1
  3978       11.248 1
  3979       11.239 1
  3980       11.234 1
  3981       11.229 1
  3982       11.225 1
  3983       11.222 1
  3984       11.218 1
  3985       11.215 1
  3986       11.211 1
  3987       11.208 1
  3988       11.203 1
  3989       11.199 1
  3990       11.194 1
  3991       11.191 1
  3992       11.187 1
  3993       11.182 1
  3994       11.180 1
  3995       11.177 1
  3996       11.177 1
  3997       11.177 1
  3998       11.177 1
  3999       11.178 1
  4000       11.178 1
  4001       11.180 1
  4002       11.180 1
  4003       11.182 1
  4004       11.182 1
  4005       11.182 1
  4006       11.184 1
  4007       11.184 1
  4008       11.185 1
  4009       11.187 1
  4010       11.189 1
  4011       11.189 1
  4012       11.191 1
  4013       11.192 1
  4014       11.194 1
  4015       11.194 1
  4016       11.196 1
  4017       11.196 1
  4018       11.194 1
  4019       11.194 1
  4020       11.194 1
  4021       11.196 1
  4022       11.197 1
  4023       11.197 1
  4024       11.199 1
  4025       11.199 1
  4026       11.199 1
  4027       11.199 1
  4028       11.199 1
  4029       11.199 1
  4030       11.199 1
  4031       11.199 1
  4032       11.199 1
  4033       11.199 1
  4034       11.201 1
  4035       11.203 1
  4036       11.203 1
  4037       11.204 1
  4038       11.203 1
  4039       11.203 1
  4040       11.203 1
  4041       11.203 1
  4042       11.203 1
  4043       11.204 1
  4044       11.204 1
  4045       11.203 1
  4046       11.203 1
  4047       11.201 1
  4048       11.201 1
  4049       11.203 1
  4050       11.203 1
  4051       11.203 1
  4052       11.204 1
  4053       11.206 1
  4054       11.206 1
  4055       11.206 1
  4056       11.204 1
  4057       11.204 1
  4058       11.203 1
  4059       11.203 1
  4060       11.203 1
  4061       11.203 1
  4062       11.204 1
  4063       11.204 1
  4064       11.206 1
  4065       11.206 1
  4066       11.208 1
  4067       11.208 1
  4068       11.208 1
  4069       11.208 1
  4070       11.208 1
  4071       11.208 1
  4072       11.208 1
  4073       11.208 1
  4074       11.208 1
  4075       11.210 1
  4076       11.210 1
  4077       11.213 1
  4078       11.215 1
  4079       11.218 1
  4080       11.220 1
  4081       11.225 1
  4082       11.229 1
  4083       11.234 1
  4084       11.239 1
  4085       11.244 1
  4086       11.251 1
  4087       11.255 1
  4088       11.262 1
  4089       11.269 1
  4090       11.276 1
  4091       11.284 1
  4092       11.291 1
  4093       11.300 1
  4094       11.310 1
  4095       11.319 1
  4096       11.328 1
  4097       11.335 1
  4098       11.343 1
  4099       11.349 1
  4100       11.354 1
  4101       11.359 1
  4102       11.364 1
  4103       11.364 1
  4104       11.364 1
  4105       11.359 1
  4106       11.352 1
  4107       11.343 1
  4108       11.331 1
  4109       11.319 1
  4110       11.305 1
  4111       11.295 1
  4112       11.286 1
  4113       11.279 1
  4114       11.272 1
  4115       11.267 1
  4116       11.263 1
  4117       11.260 1
  4118       11.255 1
  4119       11.250 1
  4120       11.246 1
  4121       11.241 1
  4122       11.239 1
  4123       11.239 1
  4124       11.239 1
  4125       11.241 1
  4126       11.241 1
  4127       11.241 1
  4128       11.241 1
  4129       11.241 1
  4130       11.241 1
  4131       11.243 1
  4132       11.244 1
  4133       11.246 1
  4134       11.248 1
  4135       11.248 1
  4136       11.250 1
  4137       11.251 1
  4138       11.253 1
  4139       11.253 1
  4140       11.255 1
  4141       11.255 1
  4142       11.255 1
  4143       11.255 1
  4144       11.257 1
  4145       11.258 1
  4146       11.258 1
  4147       11.260 1
  4148       11.260 1
  4149       11.262 1
  4150       11.262 1
  4151       11.262 1
  4152       11.262 1
  4153       11.262 1
  4154       11.262 1
  4155       11.262 1
  4156       11.262 1
  4157       11.262 1
  4158       11.262 1
  4159       11.263 1
  4160       11.265 1
  4161       11.267 1
  4162       11.267 1
  4163       11.269 1
  4164       11.269 1
  4165       11.269 1
  4166       11.270 1
  4167       11.272 1
  4168       11.272 1
  4169       11.272 1
  4170       11.272 1
  4171       11.272 1
  4172       11.272 1
  4173       11.272 1
  4174       11.272 1
  4175       11.272 1
  4176       11.272 1
  4177       11.274 1
  4178       11.274 1
  4179       11.274 1
  4180       11.276 1
  4181       11.276 1
  4182       11.276 1
  4183       11.277 1
  4184       11.277 1
  4185       11.279 1
  4186       11.281 1
  4187       11.281 1
  4188       11.281 1
  4189       11.281 1
  4190       11.283 1
  4191       11.284 1
  4192       11.284 1
  4193       11.286 1
  4194       11.286 1
  4195       11.288 1
  4196       11.288 1
  4197       11.288 1
  4198       11.288 1
  4199       11.288 1
  4200       11.290 1
  4201       11.291 1
  4202       11.291 1
  4203       11.293 1
  4204       11.293 1
  4205       11.293 1
  4206       11.293 1
  4207       11.293 1
  4208       11.291 1
  4209       11.291 1
  4210       11.291 1
  4211       11.291 1
  4212       11.291 1
  4213       11.291 1
  4214       11.291 1
  4215       11.291 1
  4216       11.291 1
  4217       11.291 1
  4218       11.291 1
  4219       11.291 1
  4220       11.290 1
  4221       11.290 1
  4222       11.288 1
  4223       11.288 1
  4224       11.288 1
  4225       11.288 1
  4226       11.288 1
  4227       11.288 1
  4228       11.288 1
  4229       11.288 1
  4230       11.290 1
  4231       11.291 1
  4232       11.293 1
  4233       11.295 1
  4234       11.295 1
  4235       11.296 1
  4236       11.296 1
  4237       11.296 1
  4238       11.298 1
  4239       11.298 1
  4240       11.298 1
  4241       11.300 1
  4242       11.300 1
  4243       11.300 1
  4244       11.300 1
  4245       11.300 1
  4246       11.302 1
  4247       11.302 1
  4248       11.302 1
  4249       11.303 1
  4250       11.303 1
  4251       11.303 1
  4252       11.305 1
  4253       11.305 1
  4254       11.305 1
  4255       11.307 1
  4256       11.307 1
  4257       11.310 1
  4258       11.310 1
  4259       11.310 1
  4260       11.310 1
  4261       11.310 1
  4262       11.310 1
  4263       11.310 1
  4264       11.312 1
  4265       11.312 1
  4266       11.312 1
  4267       11.314 1
  4268       11.314 1
  4269       11.314 1
  4270       11.314 1
  4271       11.314 1
  4272       11.314 1
  4273       11.316 1
  4274       11.316 1
  4275       11.317 1
  4276       11.317 1
  4277       11.317 1
  4278       11.317 1
  4279       11.319 1
  4280       11.319 1
  4281       11.319 1
  4282       11.319 1
  4283       11.317 1
  4284       11.317 1
  4285       11.317 1
  4286       11.317 1
  4287       11.317 1
  4288       11.316 1
  4289       11.317 1
  4290       11.317 1
  4291       11.319 1
  4292       11.322 1
  4293       11.326 1
  4294       11.328 1
  4295       11.331 1
  4296       11.333 1
  4297       11.335 1
  4298       11.335 1
  4299       11.336 1
  4300       11.336 1
  4301       11.336 1
  4302       11.336 1
  4303       11.336 1
  4304       11.336 1
  4305       11.336 1
  4306       11.338 1
  4307       11.338 1
  4308       11.338 1
  4309       11.338 1
  4310       11.338 1
  4311       11.338 1
  4312       11.338 1
  4313       11.338 1
  4314       11.338 1
  4315       11.338 1
  4316       11.338 1
  4317       11.340 1
  4318       11.343 1
  4319       11.345 1
  4320       11.347 1
  4321       11.350 1
  4322       11.352 1
  4323       11.357 1
  4324       11.361 1
  4325       11.366 1
  4326       11.373 1
  4327       11.380 1
  4328       11.388 1
  4329       11.397 1
  4330       11.406 1
  4331       11.418 1
  4332       11.428 1
  4333       11.442 1
  4334       11.454 1
  4335       11.468 1
  4336       11.482 1
  4337       11.491 1
  4338       11.501 1
  4339       11.507 1
  4340       11.510 1
  4341       11.510 1
  4342       11.507 1
  4343       11.501 1
  4344       11.491 1
  4345       11.482 1
  4346       11.470 1
  4347       11.458 1
  4348       11.447 1
  4349       11.437 1
  4350       11.425 1
  4351       11.416 1
  4352       11.408 1
  4353       11.399 1
  4354       11.392 1
  4355       11.387 1
  4356       11.380 1
  4357       11.376 1
  4358       11.371 1
  4359       11.369 1
  4360       11.366 1
  4361       11.364 1
  4362       11.361 1
  4363       11.361 1
  4364       11.359 1
  4365       11.359 1
  4366       11.359 1
  4367       11.357 1
  4368       11.357 1
  4369       11.357 1
  4370       11.357 1
  4371       11.357 1
  4372       11.357 1
  4373       11.357 1
  4374       11.357 1
  4375       11.359 1
  4376       11.359 1
  4377       11.359 1
  4378       11.359 1
  4379       11.359 1
  4380       11.361 1
  4381       11.362 1
  4382       11.364 1
  4383       11.364 1
  4384       11.364 1
  4385       11.364 1
  4386       11.364 1
  4387       11.366 1
  4388       11.366 1
  4389       11.368 1
  4390       11.369 1
  4391       11.371 1
  4392       11.371 1
  4393       11.371 1
  4394       11.371 1
  4395       11.371 1
  4396       11.371 1
  4397       11.371 1
  4398       11.373 1
  4399       11.373 1
  4400       11.373 1
  4401       11.373 1
  4402       11.375 1
  4403       11.376 1
  4404       11.376 1
  4405       11.376 1
  4406       11.376 1
  4407       11.378 1
  4408       11.378 1
  4409       11.380 1
  4410       11.382 1
  4411       11.383 1
  4412       11.385 1
  4413       11.385 1
  4414       11.385 1
  4415       11.387 1
  4416       11.387 1
  4417       11.387 1
  4418       11.387 1
  4419       11.387 1
  4420       11.387 1
  4421       11.388 1
  4422       11.390 1
  4423       11.390 1
  4424       11.390 1
  4425       11.390 1
  4426       11.390 1
  4427       11.392 1
  4428       11.392 1
  4429       11.392 1
  4430       11.394 1
  4431       11.394 1
  4432       11.394 1
  4433       11.394 1
  4434       11.395 1
  4435       11.395 1
  4436       11.397 1
  4437       11.397 1
  4438       11.399 1
  4439       11.399 1
  4440       11.399 1
  4441       11.399 1
  4442       11.399 1
  4443       11.399 1
  4444       11.399 1
  4445       11.399 1
  4446       11.401 1
  4447       11.402 1
  4448       11.402 1
  4449       11.402 1
  4450       11.402 1
  4451       11.404 1
  4452       11.404 1
  4453       11.404 1
  4454       11.406 1
  4455       11.406 1
  4456       11.406 1
  4457       11.408 1
  4458       11.409 1
  4459       11.411 1
  4460       11.411 1
  4461       11.411 1
  4462       11.411 1
  4463       11.411 1
  4464       11.411 1
  4465       11.413 1
  4466       11.413 1
  4467       11.415 1
  4468       11.416 1
  4469       11.416 1
  4470       11.416 1
  4471       11.418 1
  4472       11.418 1
  4473       11.418 1
  4474       11.420 1
  4475       11.423 1
  4476       11.425 1
  4477       11.427 1
  4478       11.427 1
  4479       11.427 1
  4480       11.427 1
  4481       11.427 1
  4482       11.427 1
  4483       11.430 1
  4484       11.430 1
  4485       11.430 1
  4486       11.430 1
  4487       11.430 1
  4488       11.430 1
  4489       11.432 1
  4490       11.434 1
  4491       11.435 1
  4492       11.435 1
  4493       11.435 1
  4494       11.435 1
  4495       11.435 1
  4496       11.435 1
  4497       11.435 1
  4498       11.435 1
  4499       11.437 1
  4500       11.437 1
  4501       11.437 1
  4502       11.437 1
  4503       11.439 1
  4504       11.439 1
  4505       11.439 1
  4506       11.439 1
  4507       11.442 1
  4508       11.442 1
  4509       11.442 1
  4510       11.442 1
  4511       11.444 1
  4512       11.444 1
  4513       11.444 1
  4514       11.444 1
  4515       11.444 1
  4516       11.444 1
  4517       11.444 1
  4518       11.444 1
  4519       11.446 1
  4520       11.446 1
  4521       11.446 1
  4522       11.446 1
  4523       11.446 1
  4524       11.446 1
  4525       11.446 1
  4526       11.446 1
  4527       11.446 1
  4528       11.447 1
  4529       11.449 1
  4530       11.449 1
  4531       11.451 1
  4532       11.453 1
  4533       11.454 1
  4534       11.456 1
  4535       11.458 1
  4536       11.460 1
  4537       11.463 1
  4538       11.465 1
  4539       11.465 1
  4540       11.468 1
  4541       11.468 1
  4542       11.470 1
  4543       11.470 1
  4544       11.470 1
  4545       11.468 1
  4546       11.468 1
  4547       11.467 1
  4548       11.465 1
  4549       11.465 1
  4550       11.463 1
  4551       11.461 1
  4552       11.460 1
  4553       11.458 1
  4554       11.458 1
  4555       11.456 1
  4556       11.456 1
  4557       11.456 1
  4558       11.458 1
  4559       11.458 1
  4560       11.458 1
  4561       11.458 1
  4562       11.458 1
  4563       11.460 1
  4564       11.460 1
  4565       11.460 1
  4566       11.460 1
  4567       11.460 1
  4568       11.460 1
  4569       11.458 1
  4570       11.458 1
  4571       11.460 1
  4572       11.460 1
  4573       11.461 1
  4574       11.463 1
  4575       11.463 1
  4576       11.463 1
  4577       11.463 1
  4578       11.463 1
  4579       11.463 1
  4580       11.463 1
  4581       11.465 1
  4582       11.465 1
  4583       11.465 1
  4584       11.465 1
  4585       11.465 1
  4586       11.465 1
  4587       11.467 1
  4588       11.468 1
  4589       11.468 1
  4590       11.470 1
  4591       11.472 1
  4592       11.472 1
  4593       11.474 1
  4594       11.475 1
  4595       11.475 1
  4596       11.477 1
  4597       11.477 1
  4598       11.479 1
  4599       11.480 1
  4600       11.480 1
  4601       11.482 1
  4602       11.482 1
  4603       11.484 1
  4604       11.484 1
  4605       11.486 1
  4606       11.486 1
  4607       11.486 1
  4608       11.487 1
  4609       11.487 1
  4610       11.489 1
  4611       11.489 1
  4612       11.489 1
  4613       11.489 1
  4614       11.489 1
  4615       11.489 1
  4616       11.489 1
  4617       11.489 1
  4618       11.489 1
  4619       11.489 1
  4620       11.489 1
  4621       11.489 1
  4622       11.489 1
  4623       11.491 1
  4624       11.493 1
  4625       11.494 1
  4626       11.494 1
  4627       11.494 1
  4628       11.494 1
  4629       11.494 1
  4630       11.494 1
  4631       11.494 1
  4632       11.496 1
  4633       11.496 1
  4634       11.496 1
  4635       11.496 1
  4636       11.496 1
  4637       11.496 1
  4638       11.496 1
  4639       11.496 1
  4640       11.496 1
  4641       11.496 1
  4642       11.496 1
  4643       11.496 1
  4644       11.496 1
  4645       11.500 1
  4646       11.501 1
  4647       11.503 1
  4648       11.503 1
  4649       11.503 1
  4650       11.505 1
  4651       11.505 1
  4652       11.505 1
  4653       11.507 1
  4654       11.508 1
  4655       11.508 1
  4656       11.510 1
  4657       11.510 1
  4658       11.512 1
  4659       11.512 1
  4660       11.512 1
  4661       11.512 1
  4662       11.513 1
  4663       11.515 1
  4664       11.515 1
  4665       11.517 1
  4666       11.517 1
  4667       11.519 1
  4668       11.522 1
  4669       11.524 1
  4670       11.527 1
  4671       11.529 1
  4672       11.531 1
  4673       11.534 1
  4674       11.538 1
  4675       11.545 1
  4676       11.550 1
  4677       11.557 1
  4678       11.562 1
  4679       11.569 1
  4680       11.578 1
  4681       11.548 1
  4682       11.567 1
  4683       11.574 1
  4684       11.576 1
  4685       11.578 1
  4686       11.578 1
  4687       11.581 1
  4688       11.581 1
  4689       11.581 1
  4690       11.581 1
  4691       11.581 1
  4692       11.581 1
  4693       11.581 1
  4694       11.581 1
  4695       11.579 1
  4696       11.578 1
  4697       11.576 1
  4698       11.576 1
  4699       11.574 1
  4700       11.572 1
  4702       11.569 1
  4704       11.566 1
  4706       11.562 1
  4708       11.560 1
  4710       11.559 1
  4712       11.557 1
  4714       11.557 1
  4716       11.557 1
  4718       11.555 1
  4720       11.555 1
  4722       11.555 1
  4724       11.555 1
  4726       11.555 1
  4728       11.555 1
  4730       11.553 1
  4732       11.553 1
  4734       11.553 1
  4736       11.553 1
  4738       11.555 1
  4740       11.557 1
  4742       11.557 1
  4744       11.559 1
  4746       11.560 1
  4748       11.560 1
  4750       11.562 1
  4752       11.562 1
  4754       11.564 1
  4756       11.564 1
  4758       11.566 1
  4760       11.567 1
  4762       11.567 1
  4764       11.567 1
  4766       11.567 1
  4768       11.567 1
  4770       11.567 1
  4772       11.569 1
  4774       11.569 1
  4776       11.571 1
  4778       11.571 1
  4780       11.572 1
  4782       11.572 1
  4784       11.574 1
  4786       11.574 1
  4788       11.574 1
  4790       11.574 1
  4792       11.574 1
  4794       11.574 1
  4796       11.576 1
  4798       11.576 1
  4800       11.576 1
  4802       11.578 1
  4804       11.578 1
  4806       11.579 1
  4808       11.579 1
  4810       11.581 1
  4812       11.581 1
  4814       11.581 1
  4816       11.583 1
  4818       11.583 1
  4820       11.583 1
  4822       11.585 1
  4824       11.585 1
  4826       11.586 1
  4828       11.588 1
  4830       11.588 1
  4832       11.590 1
  4834       11.590 1
  4836       11.592 1
  4838       11.593 1
  4840       11.595 1
  4842       11.597 1
  4844       11.602 1
  4846       11.607 1
  4848       11.614 1
  4850       11.621 1
  4852       11.628 1
  4854       11.637 1
  4856       11.645 1
  4858       11.654 1
  4860       11.663 1
  4862       11.670 1
  4864       11.673 1
  4866       11.677 1
  4868       11.677 1
  4870       11.673 1
  4872       11.668 1
  4874       11.661 1
  4876       11.651 1
  4878       11.640 1
  4880       11.630 1
  4882       11.621 1
  4884       11.614 1
  4886       11.607 1
  4888       11.605 1
  4890       11.604 1
  4892       11.602 1
  4894       11.604 1
  4896       11.604 1
  4898       11.607 1
  4900       11.609 1
  4902       11.611 1
  4904       11.612 1
  4906       11.614 1
  4908       11.614 1
  4910       11.616 1
  4912       11.616 1
  4914       11.618 1
  4916       11.619 1
  4918       11.619 1
  4920       11.619 1
  4922       11.619 1
  4924       11.621 1
  4926       11.621 1
  4928       11.621 1
  4930       11.621 1
  4932       11.621 1
  4934       11.623 1
  4936       11.623 1
  4938       11.623 1
  4940       11.625 1
  4942       11.626 1
  4944       11.626 1
  4946       11.626 1
  4948       11.628 1
  4950       11.628 1
  4952       11.628 1
  4954       11.628 1
  4956       11.628 1
  4958       11.630 1
  4960       11.630 1
  4962       11.630 1
  4964       11.632 1
  4966       11.632 1
  4968       11.633 1
  4970       11.633 1
  4972       11.633 1
  4974       11.633 1
  4976       11.635 1
  4978       11.635 1
  4980       11.635 1
  4982       11.637 1
  4984       11.637 1
  4986       11.637 1
  4988       11.638 1
  4990       11.638 1
  4992       11.640 1
  4994       11.640 1
  4996       11.640 1
  4998       11.640 1
  5000       11.640 1
  5002       11.642 1
  5004       11.642 1
  5006       11.644 1
  5008       11.644 1
  5010       11.645 1
  5012       11.647 1
  5014       11.647 1
  5016       11.647 1
  5018       11.649 1
  5020       11.649 1
  5022       11.651 1
  5024       11.652 1
  5026       11.652 1
  5028       11.654 1
  5030       11.654 1
  5032       11.654 1
  5034       11.654 1
  5036       11.656 1
  5038       11.656 1
  5040       11.658 1
  5042       11.659 1
  5044       11.661 1
  5046       11.661 1
  5048       11.663 1
  5050       11.665 1
  5052       11.666 1
  5054       11.668 1
  5056       11.668 1
  5058       11.668 1
  5060       11.668 1
  5062       11.668 1
  5064       11.668 1
  5066       11.670 1
  5068       11.670 1
  5070       11.671 1
  5072       11.673 1
  5074       11.673 1
  5076       11.675 1
  5078       11.675 1
  5080       11.675 1
  5082       11.677 1
  5084       11.677 1
  5086       11.677 1
  5088       11.677 1
  5090       11.678 1
  5092       11.680 1
  5094       11.680 1
  5096       11.682 1
  5098       11.684 1
  5100       11.685 1
  5102       11.685 1
  5104       11.687 1
  5106       11.689 1
  5108       11.689 1
  5110       11.689 1
  5112       11.691 1
  5114       11.691 1
  5116       11.692 1
  5118       11.692 1
  5120       11.692 1
  5122       11.692 1
  5124       11.692 1
  5126       11.694 1
  5128       11.694 1
  5130       11.694 1
  5132       11.694 1
  5134       11.694 1
  5136       11.696 1
  5138       11.696 1
  5140       11.696 1
  5142       11.696 1
  5144       11.696 1
  5146       11.696 1
  5148       11.697 1
  5150       11.699 1
  5152       11.700 1
  5154       11.700 1
  5156       11.701 1
  5158       11.701 1
  5160       11.702 1
  5162       11.703 1
  5164       11.703 1
  5166       11.704 1
  5168       11.705 1
  5170       11.705 1
  5172       11.706 1
  5174       11.707 1
  5176       11.707 1
  5178       11.708 1
  5180       11.709 1
  5182       11.709 1
  5184       11.710 1
  5186       11.711 1
  5188       11.712 1
  5190       11.712 1
  5192       11.713 1
  5194       11.714 1
  5196       11.715 1
  5198       11.715 1
  5200       11.716 1
  5202       11.717 1
  5204       11.718 1
  5206       11.719 1
  5208       11.719 1
  5210       11.720 1
  5212       11.722 1
  5214       11.722 1
  5216       11.724 1
  5218       11.725 1
  5220       11.725 1
  5222       11.725 1
  5224       11.727 1
  5226       11.727 1
  5228       11.727 1
  5230       11.729 1
  5232       11.729 1
  5234       11.730 1
  5236       11.732 1
  5238       11.732 1
  5240       11.734 1
  5242       11.736 1
  5244       11.737 1
  5246       11.739 1
  5248       11.739 1
  5250       11.739 1
  5252       11.741 1
  5254       11.741 1
  5256       11.743 1
  5258       11.743 1
  5260       11.744 1
  5262       11.744 1
  5264       11.746 1
  5266       11.746 1
  5268       11.746 1
  5270       11.746 1
  5272       11.746 1
  5274       11.746 1
  5276       11.748 1
  5278       11.748 1
  5280       11.751 1
  5282       11.751 1
  5284       11.753 1
  5286       11.753 1
  5288       11.755 1
  5290       11.757 1
  5292       11.758 1
  5294       11.758 1
  5296       11.760 1
  5298       11.760 1
  5300       11.760 1
  5302       11.762 1
  5304       11.762 1
  5306       11.762 1
  5308       11.763 1
  5310       11.763 1
  5312       11.765 1
  5314       11.765 1
  5316       11.765 1
  5318       11.767 1
  5320       11.767 1
  5322       11.767 1
  5324       11.769 1
  5326       11.769 1
  5328       11.769 1
  5330       11.770 1
  5332       11.772 1
  5334       11.772 1
  5336       11.774 1
  5338       11.776 1
  5340       11.777 1
  5342       11.777 1
  5344       11.779 1
  5346       11.781 1
  5348       11.783 1
  5350       11.783 1
  5352       11.784 1
  5354       11.784 1
  5356       11.784 1
  5358       11.784 1
  5360       11.784 1
  5362       11.784 1
  5364       11.786 1
  5366       11.786 1
  5368       11.788 1
  5370       11.788 1
  5372       11.788 1
  5374       11.790 1
  5376       11.791 1
  5378       11.791 1
  5380       11.793 1
  5382       11.795 1
  5384       11.795 1
  5386       11.798 1
  5388       11.798 1
  5390       11.800 1
  5392       11.802 1
  5394       11.803 1
  5396       11.805 1
  5398       11.809 1
  5400       11.812 1
  5402       11.814 1
  5404       11.817 1
  5406       11.821 1
  5408       11.824 1
  5410       11.826 1
  5412       11.829 1
  5414       11.831 1
  5416       11.833 1
  5418       11.833 1
  5420       11.835 1
  5422       11.833 1
  5424       11.831 1
  5426       11.829 1
  5428       11.828 1
  5430       11.826 1
  5432       11.824 1
  5434       11.824 1
  5436       11.821 1
  5438       11.821 1
  5440       11.821 1
  5442       11.819 1
  5444       11.819 1
  5446       11.819 1
  5448       11.819 1
  5450       11.819 1
  5452       11.819 1
  5454       11.819 1
  5456       11.819 1
  5458       11.819 1
  5460       11.819 1
  5462       11.819 1
  5464       11.821 1
  5466       11.821 1
  5468       11.822 1
  5470       11.822 1
  5472       11.824 1
  5474       11.824 1
  5476       11.826 1
  5478       11.826 1
  5480       11.828 1
  5482       11.828 1
  5484       11.829 1
  5486       11.831 1
  5488       11.831 1
  5490       11.833 1
  5492       11.833 1
  5494       11.833 1
  5496       11.835 1
  5498       11.835 1
  5500       11.835 1
  5502       11.836 1
  5504       11.838 1
  5506       11.838 1
  5508       11.838 1
  5510       11.838 1
  5512       11.840 1
  5514       11.840 1
  5516       11.840 1
  5518       11.840 1
  5520       11.840 1
  5522       11.842 1
  5524       11.843 1
  5526       11.843 1
  5528       11.843 1
  5530       11.845 1
  5532       11.845 1
  5534       11.845 1
  5536       11.847 1
  5538       11.847 1
  5540       11.847 1
  5542       11.849 1
  5544       11.850 1
  5546       11.850 1
  5548       11.852 1
  5550       11.852 1
  5552       11.854 1
  5554       11.854 1
  5556       11.855 1
  5558       11.857 1
  5560       11.857 1
  5562       11.857 1
  5564       11.859 1
  5566       11.859 1
  5568       11.859 1
  5570       11.859 1
  5572       11.859 1
  5574       11.859 1
  5576       11.861 1
  5578       11.861 1
  5580       11.862 1
  5582       11.864 1
  5584       11.864 1
  5586       11.864 1
  5588       11.866 1
  5590       11.866 1
  5592       11.866 1
  5594       11.866 1
  5596       11.866 1
  5598       11.866 1
  5600       11.868 1
  5602       11.868 1
  5604       11.869 1
  5606       11.869 1
  5608       11.871 1
  5610       11.871 1
  5612       11.873 1
  5614       11.873 1
  5616       11.875 1
  5618       11.875 1
  5620       11.876 1
  5622       11.876 1
  5624       11.878 1
  5626       11.878 1
  5628       11.878 1
  5630       11.880 1
  5632       11.880 1
  5634       11.882 1
  5636       11.882 1
  5638       11.883 1
  5640       11.885 1
  5642       11.885 1
  5644       11.887 1
  5646       11.887 1
  5648       11.888 1
  5650       11.890 1
  5652       11.890 1
  5654       11.892 1
  5656       11.892 1
  5658       11.892 1
  5660       11.892 1
  5662       11.894 1
  5664       11.894 1
  5666       11.894 1
  5668       11.895 1
  5670       11.897 1
  5672       11.897 1
  5674       11.897 1
  5676       11.899 1
  5678       11.899 1
  5680       11.899 1
  5682       11.901 1
  5684       11.902 1
  5686       11.902 1
  5688       11.902 1
  5690       11.904 1
  5692       11.904 1
  5694       11.906 1
  5696       11.906 1
  5698       11.908 1
  5700       11.909 1
  5702       11.909 1
  5704       11.911 1
  5706       11.911 1
  5708       11.911 1
  5710       11.913 1
  5712       11.913 1
  5714       11.915 1
  5716       11.916 1
  5718       11.916 1
  5720       11.916 1
  5722       11.916 1
  5724       11.916 1
  5726       11.918 1
  5728       11.918 1
  5730       11.918 1
  5732       11.920 1
  5734       11.920 1
  5736       11.920 1
  5738       11.921 1
  5740       11.923 1
  5742       11.923 1
  5744       11.923 1
  5746       11.923 1
  5748       11.925 1
  5750       11.925 1
  5752       11.925 1
  5754       11.927 1
  5756       11.927 1
  5758       11.927 1
  5760       11.927 1
  5762       11.928 1
  5764       11.928 1
  5766       11.930 1
  5768       11.930 1
  5770       11.932 1
  5772       11.932 1
  5774       11.934 1
  5776       11.935 1
  5778       11.935 1
  5780       11.935 1
  5782       11.935 1
  5784       11.935 1
  5786       11.934 1
  5788       11.934 1
  5790       11.935 1
  5792       11.935 1
  5794       11.935 1
  5796       11.937 1
  5798       11.937 1
  5800       11.939 1
  5802       11.939 1
  5804       11.939 1
  5806       11.939 1
  5808       11.941 1
  5810       11.942 1
  5812       11.942 1
  5814       11.944 1
  5816       11.944 1
  5818       11.946 1
  5820       11.946 1
  5822       11.947 1
  5824       11.949 1
  5826       11.949 1
  5828       11.951 1
  5830       11.951 1
  5832       11.951 1
  5834       11.953 1
  5836       11.953 1
  5838       11.953 1
  5840       11.953 1
  5842       11.953 1
  5844       11.954 1
  5846       11.956 1
  5848       11.956 1
  5850       11.956 1
  5852       11.958 1
  5854       11.958 1
  5856       11.958 1
  5858       11.960 1
  5860       11.960 1
  5862       11.960 1
  5864       11.961 1
  5866       11.961 1
  5868       11.963 1
  5870       11.963 1
  5872       11.963 1
  5874       11.965 1
  5876       11.965 1
  5878       11.965 1
  5880       11.967 1
  5882       11.967 1
  5884       11.968 1
  5886       11.968 1
  5888       11.967 1
  5890       11.967 1
  5892       11.967 1
  5894       11.967 1
  5896       11.967 1
  5898       11.967 1
  5900       11.967 1
  5902       11.965 1
  5904       11.968 1
  5906       11.970 1
  5908       11.970 1
  5910       11.972 1
  5912       11.974 1
  5914       11.975 1
  5916       11.977 1
  5918       11.977 1
  5920       11.977 1
  5922       11.979 1
  5924       11.979 1
  5926       11.979 1
  5928       11.980 1
  5930       11.982 1
  5932       11.982 1
  5934       11.984 1
  5936       11.984 1
  5938       11.984 1
  5940       11.986 1
  5942       11.986 1
  5944       11.987 1
  5946       11.987 1
  5948       11.989 1
  5950       11.989 1
  5952       11.989 1
  5954       11.991 1
  5956       11.991 1
  5958       11.991 1
  5960       11.991 1
  5962       11.993 1
  5964       11.993 1
  5966       11.994 1
  5968       11.994 1
  5970       11.996 1
  5972       11.996 1
  5974       11.996 1
  5976       11.998 1
  5978       11.998 1
  5980       12.000 1
  5982       12.001 1
  5984       12.001 1
  5986       12.001 1
  5988       12.003 1
  5990       12.003 1
  5992       12.003 1
  5994       12.003 1
  5996       12.003 1
  5998       12.003 1
  6000       12.003 1
  6002       12.003 1
  6004       12.005 1
  6006       12.005 1
  6008       12.007 1
  6010       12.008 1
  6012       12.008 1
  6014       12.008 1
  6016       12.010 1
  6018       12.010 1
  6020       12.010 1
  6022       12.010 1
  6024       12.012 1
  6026       12.012 1
  6028       12.013 1
  6030       12.013 1
  6032       12.015 1
  6034       12.015 1
  6036       12.015 1
  6038       12.017 1
  6040       12.017 1
  6042       12.017 1
  6044       12.017 1
  6046       12.017 1
  6048       12.019 1
  6050       12.019 1
  6052       12.019 1
  6054       12.020 1
  6056       12.022 1
  6058       12.022 1
  6060       12.024 1
  6062       12.024 1
  6064       12.026 1
  6066       12.026 1
  6068       12.027 1
  6070       12.027 1
  6072       12.027 1
  6074       12.027 1
  6076       12.027 1
  6078       12.027 1
  6080       12.029 1
  6082       12.029 1
  6084       12.029 1
  6086       12.031 1
  6088       12.031 1
  6090       12.031 1
  6092       12.033 1
  6094       12.034 1
  6096       12.034 1
  6098       12.034 1
  6100       12.036 1
  6102       12.036 1
  6104       12.038 1
  6106       12.040 1
  6108       12.041 1
  6110       12.041 1
  6112       12.041 1
  6114       12.043 1
  6116       12.043 1
  6118       12.043 1
  6120       12.043 1
  6122       12.045 1
  6124       12.045 1
  6126       12.045 1
  6128       12.046 1
  6130       12.048 1
  6132       12.048 1
  6134       12.048 1
  6136       12.048 1
  6138       12.050 1
  6140       12.050 1
  6142       12.050 1
  6144       12.052 1
  6146       12.052 1
  6148       12.053 1
  6150       12.053 1
  6152       12.055 1
  6154       12.055 1
  6156       12.055 1
  6158       12.055 1
  6160       12.055 1
  6162       12.057 1
  6164       12.057 1
  6166       12.057 1
  6168       12.059 1
  6170       12.059 1
  6172       12.060 1
  6174       12.060 1
  6176       12.060 1
  6178       12.062 1
  6180       12.062 1
  6182       12.064 1
  6184       12.064 1
  6186       12.064 1
  6188       12.066 1
  6190       12.066 1
  6192       12.067 1
  6194       12.067 1
  6196       12.067 1
  6198       12.067 1
  6200       12.069 1
  6202       12.071 1
  6204       12.071 1
  6206       12.072 1
  6208       12.074 1
  6210       12.074 1
  6212       12.074 1
  6214       12.076 1
  6216       12.076 1
  6218       12.076 1
  6220       12.076 1
  6222       12.076 1
  6224       12.078 1
  6226       12.078 1
  6228       12.078 1
  6230       12.078 1
  6232       12.079 1
  6234       12.081 1
  6236       12.081 1
  6238       12.081 1
  6240       12.083 1
  6242       12.083 1
  6244       12.083 1
  6246       12.083 1
  6248       12.085 1
  6250       12.085 1
  6252       12.085 1
  6254       12.085 1
  6256       12.085 1
  6258       12.085 1
  6260       12.086 1
  6262       12.088 1
  6264       12.088 1
  6266       12.090 1
  6268       12.090 1
  6270       12.092 1
  6272       12.093 1
  6274       12.095 1
  6288       12.100 1
  6290       12.100 1
  6292       12.100 1
  6294       12.102 1
  6296       12.102 1
  6298       12.104 1
  6300       12.104 1
  6302       12.105 1
  6304       12.105 1
  6306       12.107 1
  6308       12.107 1
  6310       12.107 1
  6312       12.107 1
  6314       12.107 1
  6316       12.109 1
  6318       12.109 1
  6320       12.109 1
  6322       12.109 1
  6324       12.111 1
  6326       12.111 1
  6328       12.111 1
  6330       12.112 1
  6332       12.114 1
  6334       12.114 1
  6336       12.114 1
  6338       12.114 1
  6340       12.116 1
  6342       12.116 1
  6344       12.116 1
  6346       12.116 1
  6348       12.118 1
  6350       12.119 1
  6352       12.119 1
  6354       12.119 1
  6356       12.121 1
  6358       12.121 1
  6360       12.121 1
  6362       12.123 1
  6364       12.123 1
  6366       12.123 1
  6368       12.123 1
  6370       12.123 1
  6372       12.125 1
  6374       12.125 1
  6376       12.126 1
  6378       12.126 1
  6380       12.126 1
  6382       12.126 1
  6384       12.128 1
  6386       12.128 1
  6388       12.130 1
  6390       12.130 1
  6392       12.132 1
  6394       12.132 1
  6396       12.133 1
  6398       12.133 1
  6400       12.133 1
  6402       12.135 1
  6404       12.135 1
  6406       12.135 1
  6408       12.137 1
  6410       12.137 1
  6412       12.137 1
  6414       12.138 1
  6416       12.140 1
  6418       12.140 1
  6420       12.140 1
  6422       12.140 1
  6424       12.140 1
  6426       12.140 1
  6428       12.140 1
  6430       12.142 1
  6432       12.142 1
  6434       12.142 1
  6436       12.144 1
  6438       12.144 1
  6440       12.144 1
  6442       12.144 1
  6444       12.144 1
  6446       12.144 1
  6448       12.144 1
  6450       12.145 1
  6452       12.147 1
  6454       12.147 1
  6456       12.149 1
  6458       12.149 1
  6460       12.149 1
  6462       12.151 1
  6464       12.152 1
  6466       12.152 1
  6468       12.154 1
  6470       12.156 1
  6472       12.156 1
  6474       12.159 1
  6476       12.159 1
  6478       12.161 1
  6480       12.163 1
  6482       12.163 1
  6484       12.166 1
  6486       12.166 1
  6488       12.166 1
  6490       12.166 1
  6492       12.168 1
  6494       12.168 1
  6496       12.170 1
  6498       12.171 1
  6500       12.173 1
  6502       12.175 1
  6504       12.177 1
  6506       12.180 1
  6508       12.182 1
  6510       12.185 1
  6512       12.187 1
  6514       12.189 1
  6516       12.192 1
  6518       12.196 1
  6520       12.199 1
  6522       12.201 1
  6524       12.203 1
  6526       12.206 1
  6528       12.210 1
  6530       12.211 1
  6532       12.213 1
  6534       12.215 1
  6536       12.218 1
  6538       12.220 1
  6540       12.225 1
  6542       12.229 1
  6544       12.234 1
  6546       12.241 1
  6548       12.250 1
  6550       12.258 1
  6552       12.267 1
  6554       12.279 1
  6556       12.290 1
  6558       12.300 1
  6560       12.310 1
  6562       12.319 1
  6564       12.328 1
  6566       12.331 1
  6568       12.335 1
  6570       12.336 1
  6572       12.331 1
  6574       12.326 1
  6576       12.319 1
  6578       12.307 1
  6580       12.296 1
  6582       12.286 1
  6584       12.276 1
  6586       12.267 1
  6588       12.258 1
  6590       12.251 1
  6592       12.246 1
  6594       12.241 1
  6596       12.237 1
  6598       12.234 1
  6600       12.230 1
  6602       12.229 1
  6604       12.227 1
  6606       12.225 1
  6608       12.222 1
  6610       12.220 1
  6612       12.218 1
  6614       12.218 1
  6616       12.217 1
  6618       12.215 1
  6620       12.215 1
  6622       12.215 1
  6624       12.215 1
  6626       12.215 1
  6628       12.215 1
  6630       12.215 1
  6632       12.215 1
  6634       12.215 1
  6636       12.215 1
  6638       12.217 1
  6640       12.217 1
  6642       12.218 1
  6644       12.218 1
  6646       12.218 1
  6648       12.218 1
  6650       12.220 1
  6652       12.220 1
  6654       12.222 1
  6656       12.222 1
  6658       12.222 1
  6660       12.224 1
  6662       12.225 1
  6664       12.225 1
  6666       12.225 1
  6668       12.225 1
  6670       12.225 1
  6672       12.225 1
  6674       12.227 1
  6676       12.227 1
  6678       12.227 1
  6680       12.227 1
  6682       12.227 1
  6684       12.227 1
  6686       12.227 1
  6688       12.229 1
  6690       12.229 1
  6692       12.230 1
  6694       12.230 1
  6696       12.232 1
  6698       12.232 1
  6700       12.234 1
  6702       12.234 1
  6704       12.234 1
  6706       12.236 1
  6708       12.236 1
  6710       12.237 1
  6712       12.239 1
  6714       12.239 1
  6716       12.241 1
  6718       12.241 1
  6720       12.241 1
  6722       12.241 1
  6724       12.241 1
  6726       12.241 1
  6728       12.241 1
  6730       12.241 1
  6732       12.241 1
  6734       12.243 1
  6736       12.243 1
  6738       12.244 1
  6740       12.244 1
  6742       12.244 1
  6744       12.246 1
  6746       12.246 1
  6748       12.246 1
  6750       12.246 1
  6752       12.246 1
  6754       12.246 1
  6756       12.248 1
  6758       12.248 1
  6760       12.248 1
  6762       12.250 1
  6764       12.250 1
  6766       12.251 1
  6768       12.251 1
  6770       12.251 1
  6772       12.251 1
  6774       12.251 1
  6776       12.251 1
  6778       12.251 1
  6780       12.251 1
  6782       12.250 1
  6784       12.251 1
  6786       12.251 1
  6788       12.251 1
  6790       12.251 1
  6792       12.251 1
  6794       12.251 1
  6796       12.253 1
  6798       12.253 1
  6800       12.253 1
  6802       12.255 1
  6804       12.255 1
  6806       12.257 1
  6808       12.258 1
  6810       12.258 1
  6812       12.260 1
  6814       12.260 1
  6816       12.260 1
  6818       12.260 1
  6820       12.260 1
  6822       12.260 1
  6824       12.260 1
  6826       12.260 1
  6828       12.260 1
  6830       12.260 1
  6832       12.262 1
  6834       12.262 1
  6836       12.262 1
  6838       12.262 1
  6840       12.262 1
  6842       12.262 1
  6844       12.262 1
  6846       12.264 1
  6848       12.264 1
  6850       12.265 1
  6852       12.265 1
  6854       12.266 1
  6856       12.266 1
  6858       12.267 1
  6860       12.267 1
  6862       12.268 1
  6864       12.268 1
  6866       12.269 1
  6868       12.269 1
  6870       12.270 1
  6872       12.270 1
  6874       12.271 1
  6876       12.271 1
  6878       12.272 1
  6880       12.272 1
  6882       12.273 1
  6884       12.273 1
  6886       12.274 1
  6888       12.275 1
  6890       12.275 1
  6892       12.276 1
  6894       12.276 1
  6896       12.277 1
  6898       12.278 1
  6900       12.278 1
  6902       12.279 1
  6904       12.280 1
  6906       12.280 1
  6908       12.281 1
  6910       12.282 1
  6912       12.282 1
  6914       12.283 1
  6916       12.284 1
  6918       12.284 1
  6920       12.285 1
  6922       12.286 1
  6924       12.287 1
  6926       12.287 1
  6928       12.288 1
  6930       12.289 1
  6932       12.290 1
  6934       12.290 1
  6936       12.291 1
  6938       12.292 1
  6940       12.293 1
  6942       12.293 1
  6944       12.294 1
  6946       12.295 1
  6948       12.296 1
  6950       12.297 1
  6952       12.298 1
  6954       12.300 1
  6956       12.300 1
  6958       12.302 1
  6960       12.302 1
  6962       12.302 1
  6964       12.302 1
  6966       12.303 1
  6968       12.303 1
  6970       12.305 1
  6972       12.305 1
  6974       12.307 1
  6976       12.307 1
  6978       12.307 1
  6980       12.307 1
  6982       12.309 1
  6984       12.309 1
  6986       12.309 1
  6988       12.310 1
  6990       12.310 1
  6992       12.310 1
  6994       12.312 1
  6996       12.312 1
  6998       12.312 1
  7000       12.314 1
  7002       12.314 1
  7004       12.316 1
  7006       12.317 1
  7008       12.317 1
  7010       12.317 1
  7012       12.317 1
  7014       12.319 1
  7016       12.319 1
  7018       12.319 1
  7020       12.319 1
  7022       12.319 1
  7024       12.321 1
  7026       12.321 1
  7028       12.321 1
  7030       12.321 1
  7032       12.322 1
  7034       12.322 1
  7036       12.324 1
  7038       12.324 1
  7040       12.324 1
  7042       12.324 1
  7044       12.324 1
  7046       12.326 1
  7048       12.326 1
  7050       12.328 1
  7052       12.328 1
  7054       12.328 1
  7056       12.329 1
  7058       12.329 1
  7060       12.331 1
  7062       12.331 1
  7064       12.331 1
  7066       12.331 1
  7068       12.333 1
  7070       12.333 1
  7072       12.333 1
  7074       12.335 1
  7076       12.333 1
  7078       12.333 1
  7080       12.333 1
  7082       12.333 1
  7084       12.335 1
  7086       12.335 1
  7088       12.335 1
  7090       12.338 1
  7092       12.338 1
  7094       12.340 1
  7096       12.340 1
  7098       12.342 1
  7100       12.342 1
  7102       12.342 1
  7104       12.343 1
  7106       12.343 1
  7108       12.343 1
  7110       12.343 1
  7112       12.343 1
  7114       12.343 1
  7116       12.343 1
  7118       12.343 1
  7120       12.343 1
  7122       12.343 1
  7124       12.343 1
  7126       12.345 1
  7128       12.345 1
  7130       12.345 1
  7132       12.345 1
  7134       12.347 1
  7136       12.347 1
  7138       12.347 1
  7140       12.349 1
  7142       12.350 1
  7144       12.350 1
  7146       12.352 1
  7148       12.352 1
  7352       12.411 1
  7354       12.411 1
  7356       12.413 1
  7358       12.413 1
  7360       12.415 1
  7362       12.415 1
  7364       12.416 1
  7366       12.416 1
  7368       12.416 1
  7370       12.416 1
  7372       12.416 1
  7374       12.416 1
  7376       12.418 1
  7378       12.418 1
  7380       12.418 1
  7382       12.418 1
  7384       12.418 1
  7386       12.418 1
  7388       12.418 1
  7390       12.418 1
  7392       12.420 1
  7394       12.420 1
  7396       12.420 1
  7398       12.420 1
  7400       12.421 1
  7402       12.423 1
  7404       12.423 1
  7406       12.423 1
  7408       12.423 1
  7410       12.425 1
  7412       12.425 1
  7414       12.425 1
  7416       12.425 1
  7418       12.425 1
  7420       12.427 1
  7422       12.427 1
  7424       12.427 1
  7426       12.427 1
  7428       12.427 1
  7430       12.428 1
  7432       12.428 1
  7434       12.430 1
  7436       12.430 1
  7438       12.432 1
  7440       12.432 1
  7442       12.434 1
  7444       12.435 1
  7446       12.435 1
  7448       12.435 1
  7450       12.437 1
  7452       12.437 1
  7454       12.437 1
  7456       12.437 1
  7458       12.439 1
  7460       12.439 1
  7462       12.439 1
  7464       12.441 1
  7466       12.441 1
  7468       12.441 1
  7470       12.441 1
  7472       12.441 1
  7474       12.441 1
  7476       12.441 1
  7478       12.441 1
  7480       12.441 1
  7482       12.441 1
  7484       12.442 1
  7486       12.442 1
  7488       12.444 1
  7490       12.444 1
  7492       12.446 1
  7494       12.447 1
  7496       12.449 1
  7498       12.449 1
  7500       12.449 1
  7502       12.451 1
  7504       12.451 1
  7506       12.451 1
  7508       12.451 1
  7510       12.451 1
  7512       12.451 1
  7514       12.451 1
  7516       12.451 1
  7518       12.451 1
  7520       12.451 1
  7522       12.453 1
  7524       12.453 1
  7526       12.453 1
  7528       12.453 1
  7530       12.453 1
  7532       12.453 1
  7534       12.453 1
  7536       12.453 1
  7538       12.453 1
  7540       12.453 1
  7542       12.453 1
  7544       12.454 1
  7546       12.454 1
  7548       12.456 1
  7550       12.458 1
  7552       12.459 1
  7554       12.459 1
  7556       12.460 1
  7558       12.461 1
  7560       12.461 1
  7562       12.462 1
  7722       12.501 1
  7724       12.503 1
  7726       12.503 1
  7728       12.505 1
  7730       12.507 1
  7732       12.508 1
  7734       12.510 1
  7736       12.512 1
  7738       12.512 1
  7740       12.512 1
  7742       12.513 1
  7744       12.513 1
  7746       12.513 1
  7748       12.513 1
  7750       12.513 1
  7752       12.515 1
  7754       12.515 1
  7756       12.515 1
  7758       12.515 1
  7760       12.515 1
  7762       12.515 1
  7764       12.515 1
  7766       12.515 1
  7768       12.515 1
  7770       12.517 1
  7772       12.517 1
  7774       12.517 1
  7776       12.517 1
  7778       12.517 1
  7780       12.517 1
  7782       12.517 1
  7784       12.517 1
  7786       12.519 1
  7788       12.519 1
  7790       12.520 1
  7792       12.522 1
  7794       12.524 1
  7796       12.524 1
  7798       12.527 1
  7800       12.527 1
  7802       12.527 1
  7804       12.529 1
  7806       12.529 1
  7808       12.529 1
  7810       12.529 1
  7812       12.529 1
  7814       12.529 1
  7816       12.531 1
  7818       12.531 1
  7820       12.531 1
  7822       12.533 1
  7824       12.533 1
  7826       12.534 1
  7828       12.534 1
  7830       12.536 1
  7832       12.536 1
  7834       12.536 1
  7836       12.536 1
  7838       12.536 1
  7840       12.536 1
  7842       12.536 1
  7844       12.536 1
  7846       12.536 1
  7848       12.536 1
  7850       12.538 1
  7852       12.538 1
  7854       12.540 1
  7856       12.541 1
  7858       12.541 1
  7860       12.541 1
  7862       12.541 1
  7864       12.543 1
  7866       12.543 1
  7868       12.543 1
  7870       12.543 1
  7872       12.545 1
  7874       12.545 1
  7876       12.548 1
  7878       12.548 1
  7880       12.550 1
  7882       12.550 1
  7884       12.550 1
  7886       12.552 1
  7888       12.552 1
  7890       12.552 1
  7892       12.552 1
  7894       12.553 1
  7896       12.553 1
  7898       12.553 1
  7900       12.553 1
  7902       12.553 1
  7904       12.552 1
  7906       12.552 1
  7908       12.552 1
  7910       12.550 1
  7912       12.550 1
  7914       12.550 1
  7916       12.550 1
  7918       12.550 1
  7920       12.552 1
  7922       12.552 1
  7924       12.553 1
  7926       12.555 1
  7928       12.557 1
  7930       12.557 1
  7932       12.559 1
  7934       12.560 1
  7936       12.560 1
  7938       12.560 1
  7940       12.562 1
  7942       12.562 1
  7944       12.562 1
  7946       12.562 1
  7948       12.562 1
  7950       12.562 1
  7952       12.562 1
  7954       12.562 1
  7956       12.562 1
  7958       12.564 1
  7960       12.564 1
  7962       12.566 1
  7964       12.566 1
  7966       12.566 1
  7968       12.566 1
  7970       12.567 1
  7972       12.566 1
  7974       12.566 1
  7976       12.566 1
  7978       12.567 1
  7980       12.567 1
  7982       12.567 1
  7984       12.567 1
  7986       12.567 1
  7988       12.567 1
  7990       12.567 1
  7992       12.569 1
  7994       12.569 1
  7996       12.571 1
  7998       12.571 1
  8000       12.574 1
  8002       12.574 1
  8004       12.574 1
  8006       12.574 1
  8008       12.572 1
  8010       12.572 1
  8012       12.572 1
  8014       12.574 1
  8016       12.576 1
  8018       12.576 1
  8020       12.578 1
  8022       12.578 1
  8024       12.578 1
  8026       12.578 1
  8028       12.578 1
  8030       12.578 1
  8032       12.578 1
  8034       12.579 1
  8036       12.581 1
  8038       12.581 1
  8040       12.583 1
  8042       12.583 1
  8044       12.585 1
  8046       12.585 1
  8048       12.585 1
  8050       12.585 1
  8052       12.585 1
  8054       12.585 1
  8056       12.585 1
  8058       12.585 1
  8060       12.585 1
  8062       12.585 1
  8064       12.585 1
  8066       12.585 1
  8068       12.585 1
  8070       12.585 1
  8072       12.585 1
  8074       12.585 1
  8076       12.586 1
  8078       12.586 1
  8080       12.588 1
  8082       12.588 1
  8084       12.590 1
  8086       12.592 1
  8088       12.593 1
  8090       12.595 1
  8092       12.595 1
  8094       12.597 1
  8096       12.597 1
  8098       12.597 1
  8402       12.665 1
  8404       12.665 1
  8406       12.666 1
  8408       12.666 1
  8410       12.666 1
  8412       12.665 1
  8414       12.665 1
  8416       12.665 1
  8418       12.666 1
  8420       12.666 1
  8422       12.666 1
  8424       12.668 1
  8426       12.668 1
  8428       12.670 1
  8430       12.671 1
  8432       12.673 1
  8434       12.675 1
  8436       12.677 1
  8438       12.678 1
  8440       12.678 1
  8442       12.678 1
  8444       12.677 1
  8446       12.677 1
  8448       12.675 1
  8450       12.675 1
  8452       12.675 1
  8454       12.675 1
  8456       12.673 1
  8458       12.673 1
  8460       12.673 1
  8462       12.673 1
  8464       12.673 1
  8466       12.673 1
  8468       12.675 1
  8470       12.675 1
  8472       12.677 1
  8474       12.677 1
  8476       12.678 1
  8478       12.678 1
  8480       12.680 1
  8482       12.678 1
  8484       12.678 1
  8486       12.677 1
  8488       12.677 1
  8490       12.675 1
  8492       12.675 1
  8494       12.675 1
  8496       12.675 1
  8498       12.675 1
  8500       12.675 1
  8502       12.677 1
  8504       12.678 1
  8506       12.680 1
  8508       12.680 1
  8510       12.682 1
  8512       12.684 1
  8514       12.684 1
  8516       12.685 1
  8518       12.685 1
  8520       12.685 1
  8522       12.685 1
  8524       12.685 1
  8526       12.684 1
  8528       12.682 1
  8530       12.680 1
  8532       12.678 1
  8534       12.677 1
  8536       12.675 1
  8538       12.675 1
  8540       12.673 1
  8542       12.673 1
  8544       12.673 1
  8546       12.671 1
  8548       12.673 1
  8550       12.675 1
  8552       12.677 1
  8554       12.678 1
  8556       12.682 1
  8558       12.685 1
  8560       12.687 1
  8562       12.689 1
  8564       12.689 1
  8566       12.691 1
  8568       12.692 1
  8570       12.694 1
  8572       12.696 1
  8574       12.697 1
  8576       12.699 1
  8578       12.701 1
  8580       12.701 1
  8582       12.703 1
  8584       12.704 1
  8586       12.706 1
  8588       12.706 1
  8590       12.706 1
  8592       12.708 1
  8594       12.710 1
  8596       12.710 1
  8598       12.713 1
  8600       12.713 1
  8602       12.715 1
  8604       12.715 1
  8606       12.717 1
  8608       12.718 1
  8610       12.718 1
  8612       12.718 1
  8614       12.720 1
  8616       12.720 1
  8618       12.722 1
  8620       12.725 1
  8622       12.725 1
  8624       12.725 1
  8626       12.725 1
  8628       12.725 1
  8630       12.724 1
  8632       12.722 1
  8634       12.720 1
  8636       12.720 1
  8638       12.720 1
  8640       12.718 1
  8642       12.715 1
  8644       12.715 1
  8646       12.711 1
  8648       12.708 1
  8650       12.704 1
  8652       12.703 1
  8654       12.701 1
  8656       12.699 1
  8658       12.697 1
  8660       12.697 1
  8662       12.696 1
  8664       12.696 1
  8666       12.697 1
  8668       12.697 1
  8670       12.699 1
  8672       12.701 1
  8674       12.703 1
  8676       12.706 1
  8678       12.710 1
  8680       12.713 1
  8682       12.718 1
  8684       12.720 1
  8686       12.722 1
  8688       12.725 1
  8690       12.729 1
  8692       12.732 1
  8694       12.734 1
  8696       12.737 1
  8698       12.741 1
  8700       12.744 1
  8702       12.746 1
  8704       12.748 1
  8706       12.750 1
  8708       12.748 1
  8710       12.748 1
  8712       12.748 1
  8714       12.748 1
  8716       12.746 1
  8718       12.746 1
  8720       12.746 1
  8722       12.746 1
  8724       12.746 1
  8726       12.746 1
  8728       12.746 1
  8730       12.746 1
  8732       12.744 1
  8734       12.743 1
  8736       12.741 1
  8738       12.739 1
  8740       12.739 1
  8742       12.737 1
  8744       12.736 1
  8746       12.734 1
  8748       12.734 1
  8750       12.732 1
  8752       12.732 1
  8754       12.732 1
  8756       12.732 1
  8758       12.734 1
  8760       12.734 1
  8762       12.736 1
  8764       12.739 1
  8766       12.741 1
  8768       12.743 1
  8770       12.744 1
  8772       12.746 1
  8774       12.748 1
  8776       12.751 1
  8778       12.753 1
  8780       12.755 1
  8782       12.758 1
  8784       12.760 1
  8786       12.762 1
  8788       12.765 1
  8790       12.769 1
  8792       12.772 1
  8794       12.774 1
  8796       12.777 1
  8798       12.779 1
  8800       12.779 1
  8802       12.779 1
  8804       12.779 1
  8806       12.779 1
  8808       12.777 1
  8810       12.776 1
  8812       12.774 1
  8814       12.772 1
  8816       12.770 1
  8818       12.770 1
  8820       12.770 1
  8822       12.769 1
  8824       12.769 1
  8826       12.769 1
  8828       12.769 1
  8830       12.767 1
  8832       12.765 1
  8834       12.762 1
  8836       12.762 1
  8838       12.762 1
  8840       12.760 1
  8842       12.758 1
  8844       12.757 1
  8846       12.755 1
  8848       12.755 1
  8850       12.755 1
  8852       12.755 1
  8854       12.755 1
  8856       12.757 1
  8858       12.757 1
  8860       12.757 1
  8862       12.757 1
  8864       12.757 1
  8866       12.758 1
  8868       12.758 1
  8870       12.760 1
  8872       12.765 1
  8874       12.769 1
  8876       12.772 1
  8878       12.777 1
  8880       12.781 1
  8882       12.784 1
  8884       12.788 1
  8886       12.791 1
  8888       12.795 1
  8890       12.796 1
  8892       12.798 1
  8894       12.800 1
  8896       12.800 1
  8898       12.798 1
  8900       12.798 1
  8902       12.796 1
  8904       12.795 1
  8906       12.795 1
  8908       12.795 1
  8910       12.795 1
  8912       12.795 1
  8914       12.795 1
  8916       12.796 1
  8918       12.798 1
  8920       12.800 1
  8922       12.802 1
  8924       12.803 1
  8926       12.805 1
  8928       12.805 1
  8930       12.807 1
  8932       12.807 1
  8934       12.809 1
  8936       12.809 1
  8938       12.810 1
  8940       12.810 1
  8942       12.810 1
  8944       12.810 1
  8946       12.812 1
  8948       12.814 1
  8950       12.817 1
  8952       12.821 1
  8954       12.824 1
  8956       12.828 1
  8958       12.831 1
  8960       12.833 1
  8962       12.836 1
  8964       12.840 1
  8966       12.842 1
  8968       12.843 1
  8970       12.843 1
  8972       12.845 1
  8974       12.845 1
  8976       12.847 1
  8978       12.847 1
  8980       12.849 1
  8982       12.850 1
  8984       12.850 1
  8986       12.852 1
  8988       12.852 1
  8990       12.854 1
  8992       12.854 1
  8994       12.852 1
  8996       12.852 1
  8998       12.852 1
  9000       12.850 1
  9002       12.850 1
  9004       12.850 1
  9006       12.850 1
  9008       12.850 1
  9010       12.850 1
  9012       12.849 1
  9014       12.847 1
  9016       12.847 1
  9018       12.847 1
  9020       12.847 1
  9022       12.847 1
  9024       12.849 1
  9026       12.850 1
  9028       12.850 1
  9030       12.852 1
  9032       12.854 1
  9034       12.855 1
  9036       12.857 1
  9038       12.859 1
  9040       12.861 1
  9042       12.861 1
  9044       12.862 1
  9046       12.864 1
  9048       12.864 1
  9050       12.864 1
  9052       12.864 1
  9054       12.866 1
  9056       12.869 1
  9058       12.871 1
  9060       12.873 1
  9062       12.876 1
  9064       12.878 1
  9066       12.878 1
  9068       12.880 1
  9070       12.880 1
  9072       12.880 1
  9074       12.883 1
  9076       12.883 1
  9078       12.883 1
  9080       12.885 1
  9082       12.885 1
  9084       12.885 1
  9086       12.885 1
  9088       12.883 1
  9090       12.885 1
  9092       12.887 1
  9094       12.887 1
  9096       12.888 1
  9098       12.890 1
  9100       12.890 1
  9102       12.887 1
  9104       12.885 1
  9106       12.883 1
  9108       12.882 1
  9110       12.880 1
  9112       12.878 1
  9114       12.880 1
  9116       12.880 1
  9118       12.882 1
  9120       12.883 1
  9122       12.883 1
  9124       12.885 1
  9126       12.885 1
  9128       12.885 1
  9130       12.887 1
  9132       12.885 1
  9134       12.883 1
  9136       12.882 1
  9138       12.880 1
  9140       12.878 1
  9142       12.875 1
  9144       12.876 1
  9146       12.876 1
  9148       12.876 1
  9150       12.878 1
  9152       12.880 1
  9154       12.882 1
  9156       12.883 1
  9158       12.885 1
  9160       12.887 1
  9162       12.887 1
  9164       12.888 1
  9166       12.890 1
  9168       12.890 1
  9170       12.890 1
  9172       12.890 1
  9174       12.890 1
  9176       12.890 1
  9178       12.890 1
  9180       12.890 1
  9182       12.892 1
  9184       12.892 1
  9186       12.894 1
  9188       12.894 1
  9190       12.894 1
  9192       12.894 1
  9194       12.892 1
  9196       12.890 1
  9198       12.888 1
  9200       12.885 1
  9700       12.90  50   
  9750       12.92  50   
  9800       12.94  50   
  9850       12.89  50   
  9900       12.94  50   
  9950       13.02  50   
  10000      13.06  50   
  10050      13.08  50   
  10100      13.10  50   
  10150      13.12  50   
  10200      13.15  50   
